EXCHANGE%3DTPE
MARKET_OPEN_MINUTE=540
MARKET_CLOSE_MINUTE=810
INTERVAL=86400
COLUMNS=DATE,CLOSE,HIGH,LOW,OPEN,VOLUME
DATA=
TIMEZONE_OFFSET=480
a1133933400,62.5,63.5,61.9,62.5,41492000
1,61.7,62.5,61,62.5,36176000
2,60.8,61.2,60.3,61.1,39441000
5,61.2,61.4,60.1,60.8,30863000
6,62,62,60.6,61.2,42970000
7,61.1,61.6,60.7,61.6,45423000
8,60.9,61,60.4,61,30748000
9,62,62.3,61,61,41184000
12,62.5,62.5,61.8,62.2,35186000
13,62.3,62.3,61.7,62,25393000
14,63,63,62.1,62.4,31722000
15,62.3,63.5,62.1,63.5,19426000
16,63.9,63.9,62.4,62.8,34142000
19,63.8,64,62.6,64,11711000
20,63.8,64.3,63.2,63.8,20441000
21,63.5,63.5,62.6,62.6,19677000
22,63,63.5,62.6,63.5,53265000
23,62.5,63,62.3,62.9,27887000
26,61,61.8,60,61.8,29043000
27,62.9,62.9,60.5,61,68217000
28,63.4,63.4,62,63.1,52854000
29,64,64,62.6,63.4,42553000
30,65.5,65.5,64.7,64.8,65929000
33,68.1,68.4,66.1,66.1,75200000
34,66.7,68,66.2,68,44098000
35,65.8,66,64.1,66,66894000
36,65.5,66.5,65.1,66.5,46161000
37,64.5,65,63.8,64.8,36767000
40,63.9,64.3,63.5,63.8,35827000
41,64.6,65.3,64.1,64.1,37573000
42,61.6,62.7,61.4,62,79001000
43,62,63.1,61.3,61.8,51772000
44,62.5,63,62.1,63,35142000
47,61.8,62.2,61.4,61.6,27252000
48,61.9,62.6,61.7,61.8,38567000
49,63.5,63.5,62.3,63,39716000
58,63.4,64.5,62.3,64,78760000
61,66.5,66.5,61.6,63,52209000
62,65,65.3,64,64,40024000
63,63.1,65,63,65,34711000
64,63,64.2,62.6,64,36785000
65,62.6,63.1,62,63,37360000
68,62.4,62.7,62,62.1,25849000
69,62.3,62.3,61.6,62,45981000
70,61.3,62.5,61.1,62.5,36929000
71,62.4,62.9,61.6,61.9,42814000
72,61.7,62.9,61.6,62.5,31824000
75,62.7,62.7,61.4,61.5,22497000
76,62.1,63.2,62,62.9,31545000
77,61.9,62.7,61.3,62.4,35892000
78,60.8,61.8,60.5,61.7,41565000
79,61,61.3,60.3,60.8,44690000
82,60.9,61,60.3,61,43324000
84,60.4,60.8,59.9,60.3,55438000
85,62.7,62.8,61.5,61.5,77346000
86,61.8,62.6,61.4,62.6,42637000
89,60.9,61.7,60.7,61.7,27217000
90,60.1,60.9,60.1,60.9,35862000
91,59,60,58.9,59.9,59737000
92,59.8,59.9,59,59,26913000
93,61.4,62.2,59.8,59.8,62472000
96,61.4,61.7,60.8,61.4,17772000
97,60,61,59.8,61,33116000
98,61.1,62,60.9,61.5,30906000
99,60.5,62,60.5,61.5,36247000
100,60.7,60.9,60,60.3,40660000
103,60.2,60.7,60.1,60.7,33811000
104,60.5,60.8,59.9,60,38056000
105,59.6,60.1,59.5,60,44194000
106,59.6,60.3,59.2,59.8,37753000
107,59.8,60.2,59.5,59.6,21815000
110,60.3,60.7,60.2,60.6,24778000
111,61.4,61.5,60.3,60.8,39296000
112,61.9,61.9,60.7,61,44370000
113,62.9,63,62.1,62.5,87041000
114,64.2,64.8,63,63,87416000
117,64.8,65,63.8,64.2,36081000
118,64.5,64.8,64.1,64.7,25492000
120,65.9,65.9,64.9,65,62776000
121,67.4,67.8,65.6,66,65210000
124,67,67.4,66.4,66.8,45269000
125,66.1,66.8,65.7,66.6,32437000
126,66.8,67.3,65.1,65.1,53365000
127,67.2,67.3,66.3,67,37458000
128,68,68,66.6,67,37197000
131,67.8,68.1,67.4,68,33660000
132,67.9,68.1,66.9,67.8,28301000
133,69.4,69.9,68.9,68.9,54616000
134,69.9,70,69.2,69.2,36817000
135,69.3,70,69.2,69.4,37752000
138,68.2,69.3,68.1,68.4,39953000
139,67,68.1,66.8,68.1,34846000
140,69,69.2,66.6,66.8,35858000
141,67.2,68.9,67.2,68.7,48641000
142,68.1,68.9,67,67.9,44615000
146,67.2,67.4,66.5,66.6,50130000
147,67,68.1,67,67.4,39905000
148,67.5,68,67.4,68,24475000
149,68.5,69.5,68,68.1,52614000
152,69.4,69.9,68.9,69.6,39739000
153,68,69.1,67.7,69.1,40328000
154,66.5,67.5,65.1,67.5,72014000
155,66.6,66.6,65.2,65.2,41121000
156,64.9,65.4,64.8,65,54606000
159,63.2,63.9,63.1,63.6,59011000
160,62.4,63.8,62.3,63.3,56197000
161,63.7,64,62.8,63,31932000
162,62.5,62.7,62,62.4,54464000
163,62.5,63.1,62,62.5,41774000
166,60.8,62.8,60.7,62.7,63960000
167,61.1,61.7,59.8,60.1,57792000
168,61,61.7,60.2,61.1,55754000
169,59.8,60.9,59.8,60.5,50891000
170,59.5,60.6,59.3,60,59931000
173,60.2,61.2,59.8,60,32855000
174,60.3,61.7,60.3,61,55958000
176,61.4,62.1,60.6,61.5,45015000
177,62.5,62.5,61.7,62.1,44188000
180,60.4,62.9,60,62.7,53042000
181,60.8,61.2,60,60.3,52434000
182,60.1,60.8,60.1,60.5,31823000
183,55.9,59.7,55.9,59.6,77351000
184,58.5,58.9,56.9,58,68414000
187,57.5,58.6,57,58,53424000
188,56.2,57.2,56.1,57,52258000
189,58.1,58.8,56.2,56.2,56337000
190,56.8,58.8,56.7,58.7,43458000
191,59.4,59.6,58.9,59.5,55243000
194,59.4,59.7,59,59.6,64416000
195,54.7,55.7,54.2,55.1,89995000
196,55.3,55.5,54.6,54.7,33718000
197,57.7,57.8,56.2,56.6,41827000
198,56.6,57,55.9,57,28626000
201,57,57.5,56,56,23654000
202,57.4,58,56.8,57.4,36548000
203,56.1,56.7,55.8,56,56478000
204,56.7,56.8,56.1,56.1,50846000
205,58.4,58.5,57.8,58.4,70892000
208,58.5,58.8,58.2,58.5,29636000
209,58.8,59.3,58.6,59,30467000
210,57.7,58.8,57.6,58.7,23065000
211,57.1,57.5,56.8,57.4,39074000
212,56.9,57.2,56.2,57.1,38527000
215,56.9,57.2,55.7,56,40533000
216,56.4,56.9,56.2,56.4,26258000
217,57.1,58,56.7,57.8,51741000
218,56.3,56.8,56.3,56.6,19546000
219,55.1,55.5,55,55.2,51622000
222,53.8,54.9,53.4,54.7,55577000
223,54.1,54.3,53.9,54,29036000
224,53.8,54.7,53.8,54.2,31541000
225,56.2,56.3,55.2,55.5,47537000
226,54.9,56,54.7,56,42490000
229,52.9,53,52.3,52.9,73827000
230,53.8,54.5,53.5,54.3,43258000
231,53.9,54.5,53.7,54.5,38293000
232,54.2,54.3,53.7,53.9,51757000
233,54.4,54.5,53.9,54.1,41048000
236,54.8,55.5,54.2,55.3,39168000
237,55.1,55.3,54.8,54.9,20881000
238,54.9,55.2,54.5,54.9,21721000
239,54.9,55.4,54.6,55.2,31573000
240,54.9,55.4,54.6,55.1,35274000
243,54.6,55.3,54.4,55.3,21611000
244,55.5,55.5,54.6,54.8,21022000
245,55.8,55.9,55,55.1,50783000
246,56.8,57,55.8,55.8,59914000
247,57.4,57.6,57,57.5,46175000
250,57.6,57.9,57.3,57.4,24759000
251,57.6,57.9,57.3,57.8,20238000
252,59,59.2,58.5,58.8,57688000
253,59.7,60.1,59.3,60,61312000
254,59.6,60.3,59.4,60.2,56768000
257,57.9,59.5,57.6,59.3,41070000
258,58.8,58.8,58,58,20811000
259,58.1,58.9,57.2,58.8,31917000
260,56.9,57.6,56.7,57.2,36308000
261,57,57.6,56.7,57,24332000
264,56.2,57,55.9,57,26453000
265,56.5,56.8,56.3,56.7,25667000
266,57.3,57.8,57,57.4,26427000
267,58.1,58.7,58,58.2,39682000
268,58.8,58.9,58.3,58.3,28644000
271,59.3,59.4,58.9,59.1,26456000
272,58.6,59.4,58.5,59.4,14805000
273,57.8,58.7,57.2,58.5,24663000
274,57.1,57.3,56.8,56.8,23032000
275,56.7,57.3,56.6,56.6,30356000
278,56.3,58,56.2,56.9,36061000
279,56.7,57.1,56.2,56.5,28258000
280,58.4,58.4,57.6,57.8,44543000
281,58.4,59,57.6,59,40125000
282,59,59,58.2,58.5,41803000
285,59.9,60.1,59.4,59.5,61023000
286,60.5,60.9,60.3,60.5,50858000
287,59.9,60.1,59.5,60,33527000
288,60.5,60.7,60,60.5,33662000
289,59.7,60.2,59.5,59.9,28331000
292,59.7,60,59.2,59.7,15798000
293,60.5,60.7,60.2,60.2,25749000
294,60.9,61,60.4,60.9,34816000
295,60.9,61.1,60.7,60.9,73194000
296,59.7,60.7,59.2,60.6,45701000
299,60.2,60.5,59.5,59.8,44020000
300,60,60.3,59.6,60,30997000
301,58.5,60,58.5,60,46083000
302,60.7,60.8,59.6,59.6,44366000
308,60.6,60.9,60.4,60.7,37520000
309,61,61.1,60.6,61,31014000
310,63.2,63.4,61.8,61.8,77055000
313,65,65.2,63.3,64,79210000
314,62.9,64.2,62.8,64,37703000
315,62,62.4,61.5,62.1,36353000
316,61,61.8,60.8,61.3,37931000
317,61.8,61.9,61.2,61.2,19510000
320,61.2,61.5,60.9,61,12744000
321,63,63.2,61.7,61.7,52174000
322,62.3,62.9,62,62.9,38549000
323,61.5,63.1,61.5,62.5,32757000
324,62.5,62.9,62.2,62.4,37565000
327,60.7,61.7,60.7,61.5,59330000
328,61,61.4,60.9,61,27254000
329,60.2,61.5,60.1,61.4,53461000
330,60.8,61.2,59.9,60,37759000
331,61.1,61.5,60.2,60.2,58548000
334,60.5,60.8,60.3,60.3,35812000
335,60.6,61.3,60.5,61,39751000
336,60.4,61,60.4,60.8,28461000
337,60.5,61.3,60.5,61,42005000
338,60.8,61.1,60.3,60.5,31708000
341,60,60.6,59.9,60.5,26646000
342,60.8,60.8,60.2,60.2,23929000
343,61.8,62.2,61.3,61.6,51554000
344,62.2,62.7,62,62.5,36037000
345,62.4,62.8,62,62.5,29702000
348,62.2,62.3,61.6,62.3,34211000
349,63,63,60,60,43812000
350,63,63.1,62.6,63,36387000
351,63.5,63.7,63.1,63.3,43855000
352,63.4,63.7,63,63.3,24343000
355,64.6,64.7,63.9,64.1,43041000
356,64,64.2,63.6,64,34070000
357,64.5,64.7,63.4,64.4,63611000
358,65.5,65.5,64.4,64.9,72154000
359,66.5,66.5,64.6,65.4,69844000
362,66.3,66.7,65.8,66.2,50861000
363,66.9,67.5,66.5,67.4,47096000
364,67.9,68,67.3,67.4,48220000
365,67,67.7,66.6,67.6,35448000
366,66.1,67,65,67,38243000
369,66.5,66.6,65.2,65.4,34506000
370,64.2,66.5,63.9,66.5,41453000
371,64.9,65,63.4,64.5,38678000
372,64.1,65.3,64.1,65.2,23302000
373,64.9,65.5,64.5,65,34233000
376,66.6,67,65.3,65.3,33452000
377,65.1,65.9,65,65.9,35680000
378,64.8,65.6,64.6,65.6,32940000
379,64.9,65.7,64.8,64.8,34085000
380,65.6,65.6,65.1,65.5,9371000
383,65.1,65.5,64.9,65.4,4074000
384,66,66.1,65,65,18957000
385,66.4,66.6,66,66,22944679
386,66.1,66.8,66.1,66.5,20202000
387,67.5,67.5,65.5,66.2,30536000
391,67.7,68,67.3,67.8,25901000
392,68,68.7,67.5,67.8,41831000
393,67.7,68.1,67.6,67.7,22110000
394,66.9,67.7,66.5,67.5,30445000
397,65.8,66.5,65.7,66.1,23988000
398,66,66.5,65.9,65.9,25928000
399,64.2,65.4,64,65.4,73527000
400,65.8,66.7,64.7,64.7,68694000
401,69.1,69.5,67,67.5,132445000
404,69.2,69.8,68.8,69.4,69351000
405,70.3,70.5,69.1,69.2,75318000
406,70.9,71,69.2,69.9,48620000
407,71.2,71.7,70.9,71,54143000
408,69.8,70.9,69.5,69.5,46750000
411,69,70.2,68.9,70,54604000
412,68.8,69,68.2,68.8,38635000
413,70.5,71.2,70,71,79004000
414,71,71.2,70.6,70.9,38692000
415,68,68.4,67,67,121851000
418,68.6,68.8,68,68.3,46020000
419,68,68.3,67.9,68,40092000
420,67.4,68.2,65.9,68,83169000
421,67,67.8,66.7,67.8,33576000
422,67.8,68,67.4,67.8,51825000
425,67.8,68.2,67.3,67.8,26340000
426,68.9,68.9,67.8,68,35754000
427,68.8,69.4,68.5,69.2,30616000
428,68.4,69.3,68,69.3,42086000
429,68,68.8,67.5,68.4,59857000
432,67,67.9,66.5,67,51529000
433,65.8,67.1,65.8,66.5,59089000
434,67.3,67.3,66.4,67,35571000
446,68.9,69.2,68.7,69.1,91390000
447,69.3,70.1,68.9,69,76278000
449,66.7,68,66.7,66.7,92427000
450,66.8,67,66.3,66.6,31964000
453,63.3,65.4,63.3,65,74691000
454,65.8,66.1,65.4,66.1,7144000
455,65.5,66.1,65.2,66.1,52168000
456,65.9,66,65,66,42099000
457,66.5,66.7,65.9,66.6,38175000
460,67.2,67.2,66.4,66.6,35909000
461,69.1,69.1,67.8,68,86919000
462,67.9,68.2,67.4,67.5,48873000
463,69,69.3,68.5,68.6,38501000
464,69,69.2,68.5,69,31896000
467,69,69.1,68.6,69,24018000
468,69.2,69.5,69,69,26989000
469,69.7,70,69.4,69.7,36281000
470,70.2,70.8,70.1,70.6,63055000
471,70,70.2,69.7,70.1,51463000
474,70,70.2,69.9,70,17517000
475,69.2,70.7,69.2,70,47267000
476,68.3,69,68,68.4,36706000
477,68.7,69.1,67.5,67.5,57622000
478,67.9,68.5,67.7,68,40377000
481,68.2,68.6,67.5,67.8,25160000
482,68,68.3,67.7,68.1,27437000
483,69.3,69.6,68,68,56677000
488,69,69.8,68.7,69.5,42779000
489,68.5,69.2,68.2,69.2,38369000
490,69.3,69.4,68.6,68.6,30481000
491,68.5,69.3,68.3,68.5,29468000
492,68.3,69.4,68.1,69.3,15403000
495,67.5,69.1,67.5,68.7,25866000
496,68,69,67.8,68.7,28609000
497,68.6,68.7,67.6,67.6,46979000
498,67.4,68.5,67.2,68.5,70316000
499,67.5,67.9,67.3,67.4,35963000
502,68.6,69.2,67.9,68,50144000
503,69.8,70,68.6,68.8,61476000
504,69.3,69.7,68.7,69.4,26382000
505,69.9,70.5,69.7,70.4,54069000
506,69,70,68.7,69.9,36514000
509,68.7,68.7,67.9,68.7,41058000
511,68,68.7,68,68.7,48728000
512,68.4,68.6,68,68,62228000
513,69.1,69.2,68.4,68.5,42819000
516,68.5,69.6,68.4,69.5,39579000
517,68,68.5,67.8,68.5,28916000
518,68,68.5,67.7,67.9,32730000
519,68.5,68.7,68.3,68.5,37891000
520,67.5,68,67.5,67.5,48009000
523,67.2,67.7,66.8,67.5,58768000
524,66.5,67.2,66.3,66.9,51592000
525,66.6,67,66.4,67,40859000
526,67.7,68.1,67.1,67.2,50142000
527,68.5,68.9,68.2,68.8,82303000
530,69.2,69.4,68.5,68.8,67992000
531,68.4,69.1,68.4,69,27104000
532,68.9,69.2,68.8,68.9,60247000
533,68.5,68.9,68.2,68.5,43455000
534,67.4,67.8,66.9,67.6,67077000
537,67.6,67.9,67.5,67.9,30437000
538,68.6,68.6,67.8,67.9,50098000
539,68,68.5,67.5,67.9,48033000
540,68.2,68.7,68.2,68.5,48146000
541,68.8,69,68.6,68.8,64379000
544,69.1,69.5,69,69,64099000
545,69,69.3,68.7,69.1,45853000
547,69,69,68.5,68.7,88859000
548,65.4,66,65.3,66,142559000
551,65.6,66,65.5,66,52236000
552,64.8,65.6,64.8,65.5,57959000
553,64.1,64.8,63.9,64.8,53059000
554,65,65.1,64.6,64.7,62695000
555,65.7,65.8,65.3,65.7,76041000
560,68.3,68.5,66.5,66.5,155311000
561,69.2,69.4,67.7,68.6,142582000
562,69,69.7,68.3,69.7,60427000
565,70.4,70.4,68.9,69,98011000
566,69.1,70,69,69.9,43511000
567,69.5,69.8,68.6,69,44809000
568,70.4,70.6,69.6,70.2,75659000
569,70.9,71,69.9,71,64934000
572,71,71,69.9,70.9,34537000
573,71.2,71.9,71.1,71.1,45026000
574,71.9,72,71.4,71.8,44604000
575,71.4,71.6,70.8,71.4,49057000
576,70.5,71,70.1,70.9,40925000
579,72,72,70.3,70.5,53716000
580,72,72.6,71.4,72,83155000
581,72.4,72.6,71.4,71.8,61441000
582,71.7,72.9,71.2,72.5,66245000
583,73,73.1,72,72.7,86751000
586,72.5,73,71.6,73,46741000
587,72.7,72.8,71.3,72.8,30551000
588,71,72.2,71,71.8,42153000
589,70,70.3,69.4,69.9,65958000
590,69.4,70,68.8,70,69723000
593,68.7,68.9,68.3,68.7,55067000
594,71.3,71.3,69,69,78392000
595,69.6,70,69.3,69.9,42840000
596,68.2,70,68.1,70,73508000
597,64,65.4,64,65,256993000
600,65,65.3,63.1,63.3,123143000
601,65,65.2,64.6,65,106976000
602,61.3,64.5,61.3,64,182517000
603,63.8,63.8,61.7,62,95655000
604,63.9,64.5,62.9,64.4,43014000
607,62.6,63.4,62.4,62.5,50860000
608,61.3,62.9,61.2,62.8,68264000
609,62.8,62.8,60.8,61.4,78527000
610,63.8,64.3,63.2,64.1,50403000
611,61.5,62.3,61.1,61.1,78733000
614,62,62.6,61.6,62.5,59628000
615,61.9,62.7,61.5,62.2,41971000
616,61,61.5,60.7,61.5,70157000
617,59.1,60.1,58.6,60,115448000
618,59,60.3,58.6,59.1,76481000
621,62.2,62.3,60.8,62,61700000
622,61.9,62,60.5,61.5,49952000
623,60.9,61.5,60.7,61.5,35884000
624,62.8,63,62.3,62.5,80576000
625,61.6,63,61.5,63,54723000
628,61.6,62.6,61.4,62.4,38957000
629,61.4,61.5,60.6,60.8,37478000
630,60.2,60.3,59.6,59.6,50672000
631,60.5,61,60.4,60.8,32228000
632,62.7,62.7,60.6,60.6,56835000
635,62.6,62.7,61.8,62.7,28753000
636,61.6,62.5,61.4,61.8,18641000
637,61.8,62.7,61.7,62.6,30073000
638,62.2,62.6,61.1,61.8,38848000
639,62,62.8,61.5,62.8,26553000
642,61.2,61.3,60.3,61.3,32862000
643,61.3,61.5,60.8,61.5,18883000
644,61.5,61.8,61,61,30588000
645,60.6,61.5,60.4,61.5,30802000
646,61.8,61.8,60.9,61.4,46358000
649,60.8,62,60.5,62,28920000
651,61.4,62.4,60.8,62.3,86615000
652,61,62.1,60.9,61.7,66892000
653,61.5,61.8,61,61.5,29882000
658,61.5,61.8,61,61,86694000
659,63.6,63.6,61.7,62.2,74294000
660,63.6,63.9,63.1,63.6,65972000
663,63.9,64.2,63.5,63.5,58610000
664,64.9,65.3,64.5,64.9,108723000
665,65,65.3,64.7,65.3,77900000
666,64.2,65,63.9,64.2,39742000
667,64.6,65,64,64.2,27341000
670,65,65.6,64.5,65.5,63274000
671,64.8,65.3,64,65.3,41771000
673,63.3,65,63,65,80925000
674,61.3,62.6,61.2,62.6,77742000
677,62.9,62.9,61.2,61.3,89353000
678,62.4,62.8,61.8,61.8,79366000
679,62,62.7,61.6,62.7,46805000
680,62.9,62.9,61.8,62.3,32151000
681,62,62.9,61.9,62.9,26500000
684,60.6,60.6,59.6,60,79318000
685,61.5,61.7,60.6,60.6,34658000
686,60.8,62.1,60.6,61.6,32649000
687,61.1,61.3,60.4,60.5,45669000
688,61.6,61.8,61,61,71814000
691,63.9,64,62,62,82767000
692,63,64.4,62.7,64.4,37710000
693,63.8,64.2,63,64,47853000
694,64.2,64.4,63.4,64.4,54426000
695,61.6,63.6,61.5,63,58528000
698,62.5,62.5,60.5,62,63723000
699,62.6,63,62,62.5,32565000
700,63,63.8,62.9,63.8,69921000
701,61.9,62.3,61.4,61.5,57967000
702,62.3,63.3,61.5,61.6,68258000
705,61.6,62.1,61.4,61.6,76910000
706,61.7,61.7,61,61.5,53083000
707,61.5,63.2,61.4,62.8,75723000
708,60.9,61.6,60.9,61,48995000
709,60.5,60.7,60,60.7,49388000
712,60.5,62,60.4,60.5,69849000
713,60.5,60.8,59.8,60,63610000
714,58.6,60.6,58.6,60.5,82362000
715,59.9,60.1,57.4,58,54867000
716,59.6,60.2,59.3,60,54109000
719,61.1,61.1,60,60.1,145315000
720,59.1,60.1,58.8,59.5,82609000
721,58.5,59.3,58.5,58.5,53614000
722,60,60,58.8,59,58481000
723,60.6,60.6,59.3,59.3,46732000
726,59.8,60.8,59.6,60.7,40059000
727,60.3,60.8,58.9,59.8,40850000
728,60.9,61.1,59.9,60.2,112206000
729,61.9,61.9,61,61.5,92813000
730,62.6,63.5,62.4,62.5,163768000
733,61.1,63,61.1,63,74103000
734,62.7,62.7,61.2,61.3,76891000
735,61.3,62.3,60.9,62,117026000
736,60.7,61.6,60.7,61,137960000
737,59.8,60.5,59,60.5,152055000
740,59.5,59.6,58.9,59.1,66240000
741,58.8,59.6,58.6,59,82151000
742,59.2,60,58.8,60,86631000
743,59,59.2,58.8,59.2,56309000
744,59,59.6,59,59.2,76867000
747,59.2,59.8,58.9,59.5,35716000
748,59.6,59.7,59.1,59.5,25363000
749,59.5,59.7,58.7,59.5,23840000
750,61.7,61.7,59.6,60,126246000
751,60.5,62.5,60.5,61.5,73964000
754,62,62.1,60.8,61,38204000
756,60.5,62,60.2,62,38909000
757,59.4,60,59.4,59.9,34773000
758,60,60.4,58.5,59.3,48365000
761,55.8,58,55.8,57,103051000
762,56,56.6,55.5,55.8,47229000
763,57,57,54.5,55,44974000
764,55.7,57.4,55.3,57,61197000
765,55,56.1,54.7,56.1,71540000
768,54.9,56.8,54.7,56.5,77186000
769,57.5,57.9,55.2,55.4,97394000
770,55.4,56.2,54.9,55.6,78498000
771,54.7,56.4,54.5,55.6,51177000
772,54.6,54.9,53.3,54,65428000
775,53.3,54.7,53.3,54.6,42707000
776,49.6,51.1,49.6,49.6,86956000
777,51,51.4,50.4,51,78179000
778,53.7,54.5,53.1,54.5,71362000
779,55.5,56,55,55,50251000
782,54.2,55.4,54,55.4,39569000
783,57,57,55.6,55.9,58069000
784,57.8,58.3,57,57.5,110617000
785,59.9,59.9,57.3,57.5,171142000
786,61.4,62.2,60.4,61,134532000
797,60,60.3,59.7,59.7,103035000
798,59.9,61,59.9,61,52147000
799,62,62,60.2,60.2,72825000
800,61.5,61.7,60.9,61,30165000
803,60,61.8,59.7,61.5,52025000
804,61.5,61.5,60,60.8,20036000
805,61.1,61.4,59.7,61.4,40956000
806,61.9,62.1,61.1,61.5,40389000
807,60.9,61,60.1,60.9,37138000
810,61.2,61.5,60.6,61,39989000
811,62.4,62.5,61.5,61.8,59225000
812,63.6,63.6,62.7,62.8,93476000
814,61.6,63.5,61.6,62.6,63434000
817,60.7,60.7,60,60.1,46989000
818,62.9,63,60.1,60.1,73468000
819,63.3,63.5,62.5,63.5,69808000
820,64.9,64.9,63.5,63.5,64188000
821,64,64.5,63.3,63.6,52884000
824,61.2,62.9,61,62.9,59717000
825,62.4,62.4,60.6,60.6,43232000
826,63.8,64.2,63.1,64,46580000
827,62,63.5,61.5,62.7,42206000
828,61.1,62.6,60.6,62.5,45504000
831,59.9,60.3,59.5,60,90168000
832,59.9,60.6,59.5,59.9,47505000
833,62.1,62.1,60.8,61.5,43200000
834,62.6,62.9,61,61.7,54260000
835,64.8,64.9,63.6,63.6,101519000
838,67.4,69.3,67.3,69.3,130319000
839,67.2,67.4,66.4,67.4,87948000
840,67,67,65.5,65.8,54307000
841,63.8,65.1,63.6,65,54461000
842,62.3,63.3,62,62.2,109778000
845,63.1,63.1,61.1,61.7,74052000
846,61.8,63.5,61.8,62.5,48941000
847,64,65,63.1,63.5,63684000
848,64.4,64.9,63.9,64,28403000
852,65,65.1,64.2,64.3,45592000
853,64.4,65,63.6,64.6,42221000
854,63.1,64.5,62.8,63,42781000
855,64.5,65.3,63.1,63.2,47487000
856,64.1,64.6,63.5,64.3,36954000
859,63,63.6,63,63.3,36159000
860,63,63.8,62.8,63,38126000
861,65.2,65.2,63.7,64,46451000
862,67.1,67.5,66.6,67.1,101481000
863,66.8,66.8,66,66.8,33709000
866,67.4,67.5,66.8,66.8,38973000
867,67.3,67.3,66.6,67.3,38184000
868,64.6,66,64.6,66,70719000
869,63.9,64.5,63.5,64.4,63729000
870,64.7,64.9,64,64,47840000
873,66.5,66.5,63.5,64,75474000
874,64.7,67,64.7,66.5,54265000
875,66.7,67.2,65.2,65.2,78433000
877,68,68.2,67.6,68,91805000
880,67.2,68.1,66.3,68,44544000
881,68,68,66.8,67.4,33024000
882,68.2,69,68.1,68.7,52562000
883,67.5,68,66,68,47173000
884,66.3,67.7,66.1,67.5,42951000
887,67.6,67.8,66.1,66.8,27774000
888,68.9,68.9,67.6,68.3,64032000
889,68.6,69.2,68.1,69,66562000
890,68.6,68.9,67.9,68.8,83816000
891,69.2,69.3,68.6,68.6,96380000
894,69.4,69.8,69.2,69.2,81762000
895,68.2,69.5,67.4,69.2,75854000
896,67.3,67.9,67,67.8,42595000
897,66.9,66.9,65.9,66.2,44350000
898,65.5,66.6,65.5,66,60162000
901,65.5,65.8,64.5,64.8,48639000
902,65.8,66.5,65.2,66.5,32588000
903,67,67.5,66.6,66.8,108696000
904,67.1,68.1,67.1,68,102385000
905,65.6,68,65.6,67.9,179098000
908,67.6,67.6,66.3,66.5,52307000
909,66.1,67.6,66.1,67.4,61792000
910,67.1,67.3,66.2,66.2,34470000
911,67.8,67.8,66.5,67.4,80879000
912,68.4,68.9,68.4,68.7,83303000
915,65.3,67,65.1,67,106023000
916,63.9,65.2,63.9,65,88281000
917,65.9,65.9,64.2,64.5,46515000
918,64.8,65.4,64,64.5,73940000
919,64.8,65.4,64.8,65.2,51525000
922,65.9,66,65.3,65.8,35246000
923,65.2,65.4,64.8,65,43784000
924,65.5,65.9,64.6,64.9,34549000
925,64.3,65,63.5,64.3,65224000
926,63.7,64.9,63.2,64.5,66772000
929,64.1,64.6,62.6,63.2,49132000
930,64.2,65.1,64.2,65,60204000
931,66.2,66.5,64.3,64.5,92052000
932,65,66.7,64.6,66.7,52937000
933,64,65,62.7,63.1,175564000
936,65,65.1,63.5,63.9,87531000
937,64.2,65.1,64,64,31800000
938,61.8,64.2,61.8,64,79302000
939,58.8,60.4,57.5,59.5,116212000
940,59,59.9,58.4,59.3,55666000
943,60.1,60.5,58.8,59.7,40640000
944,58.9,59.9,58.3,59.9,64726000
945,59.5,60.7,59.1,59.5,54137000
946,59.5,60.3,58.7,58.9,42099000
947,62.4,63,59.8,60.5,59806000
950,60.6,61.9,60.1,61.1,40127000
951,57.6,59.5,57.6,59.3,62926000
952,53.8,54.6,53.2,54.6,86109000
953,57.5,57.5,55.9,55.9,68502000
954,58,59.4,57,59,68562000
957,59.8,60.4,59.4,59.4,55279000
958,57.9,59.3,57.2,59.3,64662000
959,57.6,58.5,57.1,58.5,72055000
960,58.9,58.9,58.1,58.2,40185000
961,57.8,58.2,57.2,58.2,35093000
965,55,56,54.3,56,72755000
966,57,57,56,56.8,50736000
967,56.2,57.1,55.7,57,50728000
968,56,56.6,55,55,37040000
971,55.7,56,55.1,55.6,23235000
972,55.4,56.2,55,56.2,60052000
973,58.8,59,57.2,57.4,82037000
974,59.5,59.8,58.6,59.1,45065000
975,60.5,60.6,59.5,59.5,76619000
978,60.6,61.8,60.5,61.5,24910000
979,61.2,61.7,60.9,61.2,62911000
980,61.2,62.2,61.1,61.8,55819000
981,60.5,61.1,60,61,40953000
982,60.6,61.4,60,60.9,50279000
985,60.1,61.1,60,60.8,49526000
986,60,60.4,58.9,59.2,50484000
987,60,60.7,59.2,59.2,36999000
988,59.4,59.6,59.1,59.3,46333000
989,60.2,60.4,59.4,59.9,52175000
992,60.5,61,59.4,60,52264000
993,60,60.2,59.4,60,52698000
994,60.4,61.1,59.5,59.9,65668000
995,60.1,60.5,59.7,59.9,80059000
996,58.9,60,58.9,59.9,77771000
999,56.6,57.6,56,57.6,118784000
a1220333400,54.3,56,54.1,56,115960000
1,55,55.5,54.2,54.5,78555000
2,53.4,54.7,53,53.2,71408000
3,53,53.5,51.8,52.2,81263000
6,56.7,56.7,55.4,55.5,64378000
7,54.3,55.7,54.2,55,50313000
8,53.7,54.5,53.2,53.6,65875000
9,52.3,53.6,51.7,53.6,72293000
10,52.7,53.1,52.1,52.8,36831000
13,51.7,53.1,51,52.8,41007000
14,51,52.3,50.7,50.7,60472000
15,52.9,54.5,52.8,54,84874000
16,52,53.6,51.5,51.5,123332000
17,55.6,55.6,54,54.6,129642000
20,55.8,57.1,55.6,57.1,60027000
21,55,55.9,54.7,54.7,56287000
22,53.3,54.2,53.3,54,39273000
23,53,54.3,52.8,52.8,39328000
24,53.4,53.4,52,53.1,71315000
28,52.5,52.5,49.8,50,77959000
29,52.5,54,52.5,54,43411000
30,51.4,53.1,51,53.1,43402000
31,51.4,51.8,50.2,50.4,55857000
34,49,50.5,49,50.2,59127000
35,49.7,50.5,47.95,48,48704000
36,46.25,49.05,46.25,48.5,85802000
37,46.1,48.5,46.1,46.25,64215000
41,46.65,47.1,45.2,46.15,93201000
42,49.9,49.9,49.25,49.9,90485000
43,48.2,49,48.2,48.5,67878000
44,46.55,46.55,46.55,46.55,16533000
45,44.95,45.45,44.95,44.95,52213000
48,44.2,44.5,43.4,43.4,74166000
49,44.1,45,42.75,44.8,72636000
50,42.6,43.7,42.6,42.7,48253000
51,41.15,41.15,41.15,41.15,27229000
52,39.75,40.05,39.75,39.75,59812000
55,38.3,38.95,37,37,64501000
56,39.7,40.6,36.5,37.15,83908000
57,42,42.45,41.7,42.45,101773000
58,44.9,44.9,43.25,43.25,72962000
59,48,48,45.1,45.7,107554000
62,47,49.5,46,49.5,59117000
63,48,48.5,46.7,47.5,58273000
64,48,49.4,47.25,49.2,74120000
65,44.65,44.7,44.65,44.65,39326000
66,43.5,44.65,41.55,41.55,98416000
69,43.2,43.4,41.9,43.3,62871000
70,43.1,44,42,42.7,38734000
71,43.4,44.15,42.65,43.1,58168000
72,40.5,41.65,40.5,41,56791000
73,41.7,42,41.1,42,45415000
76,40.8,41.5,40,40,43321000
77,38.5,39.8,38.3,39.6,69417000
78,38,39.4,38,38.1,50143000
79,36.8,37.4,36.5,36.5,43087000
80,38.5,39.3,36.4,36.4,55904000
83,37.3,38.5,37.15,38.5,49997000
84,39.9,39.9,38.5,39.1,82268000
85,39,40.3,39,39.9,57644000
86,40.9,41.25,40.55,40.9,62670000
87,40.8,41.15,40.4,40.9,50676000
90,40.8,41.9,39.8,39.8,62304000
91,37.95,38.4,37.95,37.95,83561000
92,37.15,37.55,36.5,36.85,73197000
93,37.05,37.9,36.8,37.9,59395000
94,37.2,37.85,37,37.3,40643000
97,39.8,39.8,37.85,37.85,101038000
98,40.8,40.8,39.8,40.75,79004000
99,43.65,43.65,41,41,112865000
100,44.9,44.9,43.5,44,81860000
101,41.8,43.8,41.8,42.85,68428000
104,43.45,44.5,43.45,43.5,68057000
105,44.5,44.5,42.4,43,57987000
106,46,46.1,45.2,46,86868000
107,45,46,44.5,45.75,49325000
108,44.95,45.35,44,44,39302000
111,44.6,45.45,44,45,50857000
112,43.85,44.45,42.8,43.5,37918000
113,43.4,43.85,43,43.85,30682000
114,43.1,43.4,42.8,43.4,6077000
115,43.4,43.5,42.8,43.1,7379000
118,43.35,43.6,42.6,43.6,17561000
119,45.2,45.5,43.5,43.85,30290000
120,44.4,45.5,43.9,45.5,20640000
125,46.25,47.1,45.8,46,40959000
126,45.6,46.25,45,46.05,34076000
127,44.55,46.45,44.2,45.95,70417000
128,41.55,43.5,41.5,43.5,88492000
129,41,42.4,40.5,40.8,68145000
132,41.65,41.9,40.5,40.5,49172000
133,43.8,43.95,41.7,42.8,71645000
134,43,44,43,43.5,44876000
135,41,41.3,40.55,41.1,73079000
136,41.7,42,41.15,42,32664000
139,41,41.4,40.9,41,36349000
140,39.6,40,39.6,40,80929000
141,40.2,40.4,38.7,39,65194000
153,41.8,42.35,40.55,41.2,112384000
154,42.85,43.05,42.3,43.05,88083000
155,42.9,43.05,42.75,43,82857000
156,42.4,43.3,42.4,42.9,69446000
157,44.7,45,43.9,44,99852000
160,45.5,46.6,45.4,46.4,104040000
161,44.85,46,44.8,46,44349000
162,46.05,46.1,44,44,80146000
163,45.35,46.45,44.9,46.2,68450000
164,45.95,46.25,45.8,45.8,49437000
167,45.85,46.95,45.75,46.95,51268000
168,43.8,45.4,43.05,45.1,69034000
169,44.6,45.3,43.6,44,57345000
170,45.4,46.2,44,45.2,57562000
171,43.9,44.8,43.85,44.15,71392000
174,45,45.2,43.5,43.8,48690000
175,44,44.4,43.5,43.95,59670000
176,44.7,45.3,44.3,45,53217000
177,45,45.25,44.6,45,51491000
178,44.95,45.45,44.8,45.3,59314000
181,44.75,46,44.15,46,100782000
182,44.6,44.85,44.25,44.8,58079000
183,46,46,44.8,45.35,83776000
184,46.6,47.4,46,46.85,77819000
185,48.5,48.75,46.85,47,101416000
188,48.25,48.6,47,48,69482000
189,47.15,47.45,46.5,46.5,76434000
190,48.7,49,48,48.6,83668000
191,48.25,48.7,47.95,48.6,51467000
192,49.5,50,48.8,49,114336000
195,50,50.1,49.85,50,73899000
196,50,50.2,49.65,50,57842000
197,50.4,50.5,49.75,50.2,80129000
198,49.2,50.6,49.1,50.5,50728000
199,47.7,49.7,47.7,49.7,62188000
202,50.3,50.4,48.4,48.4,58903000
203,52.4,52.4,51.3,51.5,61818000
204,52.2,53,51.6,52,75298390
205,51.7,52.8,51.1,51.6,61262875
206,51.9,52.6,51.6,52.6,53590897
209,52,52,50.8,51.8,46028714
210,51.4,52.8,51.4,51.6,69328643
211,50.7,52,50.7,51.9,52016173
212,52.4,52.5,51.5,52.3,84651463
213,52.6,53.8,52.1,53.5,86966757
216,52.4,53.5,51.6,53.5,85447947
217,52.1,52.1,51,51,75601752
218,50.2,51.5,49.6,51.5,114714847
219,52.4,52.4,51,51,85405000
220,53,53,52,53,43178442
223,52.7,53.5,52.2,53.5,57300415
224,52.5,52.6,51.3,52.1,72053060
225,52,52.5,50.8,52.5,89359334
226,51.3,52.4,51.1,52.2,93547715
227,50.4,52.4,50,51.9,152927602
230,51.9,51.9,50.7,51.4,78105896
231,51.6,51.6,50.5,50.5,64237130
232,50.7,51.6,50.5,51.6,67165612
233,51.3,51.4,50.1,50.9,80614902
234,50.5,51.8,50.3,51.6,82332922
237,50.5,51,50.2,50.6,63095014
238,51,51.5,50.6,50.9,55904310
239,51.6,51.8,51.3,51.6,58353067
240,55.2,55.2,54.4,55.2,157461918
244,59,59,57.8,58.9,177162690
245,58,60.9,57.5,60.5,131065625
246,57.5,58,56.6,58,176100910
247,56.5,57.5,56.1,57.5,141315405
248,56.3,56.3,55.4,55.6,97085100
251,56.2,57,55.6,56.5,77283623
252,55.4,56,55,56,83430999
253,56.4,56.8,55.3,55.3,93934056
254,54.5,55.4,54.4,55,82102633
255,54.8,55.8,54.8,55.8,64116929
258,56,56,54.2,55.5,63131902
259,57,57,56.4,57,91300064
260,56.2,56.8,55.7,56.8,64541821
261,56.6,56.8,55.8,56.2,64072283
262,56.2,56.7,55.9,56.6,57355681
265,55.7,56.9,55.1,56.9,50675687
266,56.6,56.8,55.6,55.9,64760903
267,60.4,60.4,56.7,57,185665583
272,59,60.6,58.5,60.5,106441557
273,59.9,60,59,60,86480527
274,59.8,59.8,58.8,59.2,80050544
275,57.9,59,57,58.5,86580905
276,57.4,57.9,57,57.9,43823147
279,56.6,58.1,56.5,58.1,64153332
280,56.1,57.8,56,56.7,90544575
281,58.2,58.2,57.3,57.5,65752528
282,58.3,58.3,56.5,58,60245409
283,56,57.8,56,57.8,90897110
286,53.3,55,52.6,54.6,101763819
287,53.6,54.3,52.5,53.2,78122831
288,52,52.9,51.8,52.9,83450626
289,52.7,53.3,52,53.3,67750237
290,52.3,52.5,51.7,52.2,67571423
293,53,53.1,51,51,50677706
294,51.3,51.8,51.3,51.8,59338018
295,52.9,54.8,51.5,51.6,123273360
296,53.7,53.9,53.1,53.5,59575825
297,54.4,54.5,53.5,53.8,69148463
300,53.4,54.5,53.1,54.5,64173417
301,54.7,54.7,53.8,54.6,45109402
302,55,55.5,53.6,54.3,46729163
303,55.1,55.3,54.5,54.9,34321027
304,55,55,54.1,54.1,27649956
307,54.4,55.3,54.2,55.1,33137245
308,55.4,55.6,54.3,54.4,39797335
309,54.4,54.7,54.1,54.7,59142679
310,55.3,56.1,54.3,54.4,66492504
311,56.1,56.2,55.4,56,57428856
314,55,57.3,54.4,57.2,69032307
315,55.8,56.2,55.3,55.5,89993775
316,53.6,55,53.1,53.4,73754085
317,54.1,55.2,54,55,49715193
318,54,55,53.9,54.9,62505796
321,54.8,55.2,54.5,54.9,69721114
322,55.5,55.5,54.6,55,76400884
323,55.3,55.6,54.7,55.2,57320783
324,56.5,56.7,55.4,55.5,73073243
325,57.2,57.3,56.8,57,89057081
328,57.6,57.9,56.9,57.2,54337483
329,57.9,57.9,57.1,57.6,48217866
330,56.5,58,55.9,58,57068108
331,56,56.4,55.2,56.1,62410749
332,58.9,59.2,58.1,58.3,198297805
335,58.3,58.6,57.1,58.6,70118717
336,57.6,58.8,56.7,58.6,62209417
337,56.9,58,56.6,57.9,53465403
338,56.8,57.5,56.5,57.5,54642201
342,57.8,58.3,57,57.3,69792944
343,57.1,57.6,56.5,57.3,64577975
344,57.5,57.5,56.5,57.1,43087974
345,58.6,58.6,57.5,58,80233793
346,58.9,59.4,58.5,59.2,53722718
349,57.8,59.2,57.4,59,50931502
350,57.6,57.8,56.6,57.1,32158994
351,57.4,57.9,57.3,57.5,21348705
352,57.7,57.8,56.5,57.4,26448846
353,56.8,58.1,56.5,58,42152895
356,58.4,59,57.6,57.8,59461681
357,58.7,59,58.3,58.6,35370496
358,59,59,58,58.7,50632962
359,58.8,58.9,57.9,58.5,30495255
360,59.5,59.5,58.3,59,52477245
363,59.2,59.8,58.5,59.6,45092946
364,61,61,58.7,59.4,85451421
365,59.6,60.8,59.6,60.4,61443550
366,59.8,60.2,59.3,60.2,43804735
367,60,60.2,59.5,60.2,44584289
370,62,62,59.7,60.1,75090396
371,62.7,63.1,61.4,62,72707145
372,62,63,62,62.8,53773100
373,63.5,65,62,64.7,98902414
374,62.4,62.8,61.9,62.8,48333820
377,61.5,62.5,60.8,62.4,46855905
378,62.5,62.7,61,61,38236726
379,62.7,63.4,62.5,62.6,35249922
380,62.5,63,62,63,38706214
381,62.7,62.7,61.8,62,46733347
384,62.3,62.6,61.5,62.5,33550634
385,62.5,62.8,62,62,24796582
386,62.3,62.9,61.4,62.7,38653616
387,60.8,62,60.5,62,55228856
388,61.1,61.3,60.4,61,45172975
391,60.7,61.4,60.5,61.4,27538676
392,63.7,63.7,62,62,82738391
393,64.5,65,63.7,63.7,103320090
394,65,65.2,63.8,65,55066792
395,62.7,63.3,62.5,63,78935237
398,62,62.2,61.5,62,72185009
399,62.4,63,61.6,62,82006439
400,62.1,63,61.7,63,71233614
401,60.9,61.8,60.9,61.2,82434305
402,61.1,61.3,60.7,60.8,68771927
405,61.2,61.8,60.6,61.8,36581015
406,61.8,61.8,60.3,60.6,51789495
407,63.5,63.5,62.3,62.5,86653202
408,63.8,64,63,64,62653512
409,61.9,63,61.8,62.5,75151405
412,61.4,61.9,61,61.7,103282578
413,62,62.3,61.8,61.8,75184272
414,61.6,62.2,61.3,61.7,50263244
415,61.8,62.2,61,62.2,72905670
416,61.5,62.1,61.5,62,45836850
419,61.5,62.3,61.5,61.8,36845611
420,61.3,61.9,61.1,61.5,50932246
421,60.5,61.5,60.5,61.3,62802905
422,60.3,60.6,59,60,104392610
423,60,61.4,60,61.4,66231279
426,59.8,60.2,59.2,59.5,38878685
427,59.2,59.7,59.1,59.7,52810111
428,59.6,59.7,59,59.2,66043706
429,59.7,60,59.4,59.9,43808383
430,60,60.3,59.7,60.3,47852340
433,60,60.5,59.8,60.5,34919617
434,60.5,60.5,60,60.4,43071455
435,62.2,62.5,60.9,61,95052977
436,62.2,62.8,61.9,62.5,103458573
437,61.8,62.2,61.5,61.8,43224566
440,62.4,62.7,62.2,62.4,61268722
441,62.6,63.2,62.1,63,57974283
442,62.9,63.2,62.7,63,69904436
443,62.9,63.2,62.7,62.9,57556704
444,61.7,62.8,61.4,62.8,51975427
447,62,62.1,61.4,61.4,25462682
448,62.4,62.5,61.8,62.2,26329035
449,62.7,63,62.2,62.2,53135147
450,62,63,61.8,62.8,32538227
451,60,61.3,60,61.1,95638948
454,61.1,61.3,60.7,61,33035753
455,60.7,61.6,60.4,61.5,56486471
456,60.8,61.5,60.5,61.4,43563577
457,61.5,61.8,61,61.6,55226248
458,61.5,61.9,61.3,61.5,27534083
461,62.5,62.8,62,62,46816035
462,62.4,62.9,61.9,62.9,39771050
463,62.4,62.4,61.9,62.2,38672859
464,61.3,62.8,61,62.8,64164114
465,62.6,62.6,61.4,61.9,41258736
468,62.7,62.8,62,62.1,39767639
470,61.8,62.5,61.5,62.5,49635223
471,62.2,62.4,61.5,62.1,44782952
472,61.9,61.9,61.3,61.5,35393760
475,62.2,62.8,62.2,62.4,52682074
476,62.9,62.9,62.5,62.6,44147555
477,63.4,63.5,62.8,63,66694003
478,63.6,63.7,63.3,63.4,57965216
479,63.4,63.9,63.1,63.9,20300545
482,63.7,64,63.4,63.4,41748508
483,63.3,63.7,62.9,63.7,28612166
484,63.9,64,63.3,63.3,59793593
485,64.5,0.0,0.0,0.0,0
489,64.9,65,64,65,39511138
490,64.5,65.1,63.9,65,38394084
491,64.9,64.9,63.7,64.5,52734385
492,64.2,65,64.2,64.9,53294614
493,64,64.3,63.5,63.5,48047497
496,64.5,64.9,63.5,64,37446686
497,63.6,64.4,63.3,64.4,52444792
498,62.8,63.1,62.6,63,49806496
499,63.2,63.6,63,63.6,39254264
500,63.5,63.5,62.8,62.9,50011109
503,62.9,63.1,62.8,62.8,30586332
504,62.5,63.2,62,63,47541231
505,63,63.2,62.2,62.9,52519052
506,62.6,63,62.1,63,24842055
507,61.1,61.7,61,61.5,64001109
510,60.4,60.8,60.1,60.1,62230836
511,60.1,61.2,60,60.6,80078237
512,59.6,60.4,59.5,60.1,53876237
513,60,61.5,59.8,60.5,44033633
514,61.5,61.5,59.4,60.1,98124608
517,59.8,60.7,59.5,60.7,82234872
518,59,60.4,59,60.2,72141345
519,59.8,60.3,58.8,60.2,42627861
520,59.1,60,59,60,46032165
521,57.2,57.9,57.2,57.6,66295018
524,57.4,58.2,57,58,45835431
525,58.6,59.2,57.7,58.4,49551665
526,58.4,0.0,0.0,0.0,0
538,59,60.5,59,60.5,49684787
539,59.8,59.9,59.1,59.6,52030754
540,58.5,59.2,58.4,59.2,60489712
541,58.2,58.9,57.9,58.5,57502162
542,58.8,58.9,58,58.2,31376014
545,59.6,59.9,58.2,59.5,65860360
546,59.9,60.5,59.5,60.5,54451553
547,60,60.1,59.6,59.6,34984387
548,59.2,59.8,58.4,59.8,54471642
549,60.4,60.4,59.6,59.8,60054500
552,61.2,61.2,60.6,60.9,44396339
553,61.3,61.4,60.8,61.2,31475924
554,61.4,61.4,60.8,61.3,30588530
555,61.4,61.8,61.2,61.6,30381134
556,60.8,61.5,60.6,61.4,69392867
559,59.8,61.3,59.8,61.3,41567794
560,59.7,60.2,59.7,60.1,29927456
561,60.5,60.9,59.9,60.5,69118250
562,60.4,60.6,60,60.1,70256871
563,60,60.3,59.7,60,46018065
566,59,59.6,58.8,59.6,47084489
567,59.6,60.1,59.5,59.5,51751303
568,60.6,60.8,60.1,60.1,48661236
569,61.5,61.5,60.2,60.9,64155258
570,62,62,60.3,61.3,81172895
573,62.2,62.3,61.7,62,37559622
574,62.2,62.4,61.7,62.4,30055532
575,61.5,62.2,61.5,62.2,39288879
576,62.1,62.5,61.5,61.5,54739709
577,62.4,0.0,0.0,0.0,0
581,63.4,63.5,62.8,62.8,53216421
582,63.5,63.5,63.1,63.5,49685972
583,62.3,63,62.1,62.8,48608322
584,62.7,63,61.9,61.9,31648457
587,63.1,63.4,62.8,63.3,36942889
588,62.9,63.1,62.1,63,42767182
589,63.8,63.8,62.9,63.1,55676512
590,64.4,64.9,64,64.5,72063334
591,63,63.7,62.9,63.6,49739068
594,62.6,63.2,62.4,62.5,71160569
595,62.8,63,62.4,62.9,37544680
596,62.4,63.1,62.3,62.9,46602838
597,61.6,61.8,60.8,61.8,92244238
598,61.7,62.4,61.6,61.9,48952350
601,63.5,63.6,62.4,62.4,67547718
602,63.7,63.7,63.1,63.5,25421212
603,62.1,62.6,62,62.1,73211720
604,61.6,62.2,61.6,62.2,41236312
605,61.8,62.7,61.8,61.8,43450247
608,61.6,62.6,61.4,62.6,22439818
609,61,62,60.8,61.9,38777618
610,59.8,60.2,59.8,59.9,94194138
611,59.5,59.9,59.2,59.8,52111898
612,59.4,60.1,58.5,58.6,61576134
615,59.8,60,59,59.4,56310864
616,60.1,60.6,59.9,60.4,69348267
617,60.1,61,60,61,27731388
618,61.2,61.5,60.5,60.6,39908872
619,61.2,61.5,60.5,60.7,35601187
622,59.2,60.5,59.1,60.5,73215488
623,59.5,60,59.4,59.6,30477112
624,59.3,59.6,58.6,59,51605073
625,58.9,59.7,58.9,59.5,31740239
626,58.8,59.1,57.9,58.3,46257409
629,59,59.6,58.7,59.6,19317628
630,58.4,58.9,58.1,58.8,51282269
631,58.9,59,58.5,58.9,42971865
632,58.7,59.3,57.7,58.5,55503342
633,58.7,59.4,58.3,58.9,61148591
636,60.2,60.2,58.8,59.1,25401129
637,59.8,60,59.2,59.9,28375043
638,59.8,60.4,59.3,59.8,35323855
639,60.8,61,60.5,60.8,49528536
640,61,61,60.2,60.5,42722087
643,59.2,59.7,58.7,59.7,70649054
644,58.5,59.2,58.4,58.9,40431068
645,58.6,59,58.3,58.4,46104845
646,59.4,59.8,58.8,59.8,28817238
647,60.5,60.5,60,60.2,42325183
650,61.1,61.4,60.9,60.9,44942360
651,61.4,0.0,0.0,0.0,0
653,62.1,62.3,61.7,62,62015957
654,62.7,62.7,61.8,62.4,46332963
657,63.3,63.7,63.1,63.1,68409797
658,62.6,63.3,62.6,63.3,33389957
659,62.1,62.5,62,62,37195840
660,62,62.2,61.7,62.1,35361329
661,61.4,61.9,61.3,61.5,30579700
664,61.7,61.7,61.1,61.2,20546533
665,61,62.6,61,62,47953458
666,60.6,61,60.3,60.3,58319672
667,60,60.6,59.9,60.6,65215602
668,60.3,60.7,60,60,67300030
671,61.4,61.8,60.3,60.3,88484101
672,59.9,59.9,58.8,58.9,69857079
673,59.5,59.9,59.2,59.8,59168632
674,60.4,60.4,59.7,60.1,50379965
675,60.4,60.5,59.9,60.4,38073744
678,59.8,60.6,59.8,60.6,44197990
679,59.6,60.2,59.5,59.9,37486904
680,60.4,60.7,60.2,60.4,59847471
681,60.3,60.5,60.1,60.4,36838970
682,59.9,60.5,59.8,60.5,29941025
685,61.1,61.3,59.4,59.5,63786786
686,61.5,61.8,61,61.3,53963801
687,61.8,61.9,61.5,61.9,41276599
688,62,62.3,61.3,61.9,45329604
689,62.8,63,62.4,62.6,66046064
692,62.6,63.1,62.3,63,27031638
693,62.5,63,62.3,63,21055224
694,63,63,62.2,62.3,27030920
695,63,63,62.6,63,38609914
696,62.4,62.4,61.4,62.4,43621564
699,62.3,62.8,62.1,62.6,48140915
700,62,62.6,61.7,62.6,32996410
701,62,62.2,61.6,62,28406974
702,61.9,62,61.8,62,22212711
703,60.9,61.7,60.6,61.6,62494181
706,60.7,60.9,60.4,60.5,57034477
707,61,61.4,60.8,60.9,63934598
708,61,61.2,60.7,60.8,28646984
709,60.2,60.6,60.1,60.2,66230095
710,60.1,60.6,59.9,60.2,65690790
713,60.3,60.3,59.6,60,39763920
714,59.8,60.5,59.8,60.5,37585192
715,59.6,60.3,59.5,60,42902370
716,60.1,60.4,59.5,59.5,45817044
717,59.9,60.2,59.7,59.8,30113055
720,60.1,60.9,59.6,59.9,27931672
721,59.6,60.1,59.6,60,31275724
722,58.7,59.4,58.6,59.4,70618754
723,58.8,59.1,58.5,58.6,35255969
724,58.8,58.9,58.5,58.7,46789464
727,59.4,59.6,58.9,59.2,27638514
728,58.9,59,58.4,59,78362799
729,59.1,59.3,58.7,59.3,38480944
730,59.5,60.1,59.4,60,27402187
731,59.8,59.9,59.3,59.3,38339687
734,60.5,60.5,60.1,60.4,28120682
735,60.2,60.6,60.1,60.5,20268099
736,59.3,59.9,58.9,59.6,67149343
737,59.5,59.7,59.2,59.7,21237766
738,59.3,59.7,59.1,59.5,32650022
741,60.9,60.9,59.4,59.6,86955739
742,61,61.2,60.7,61.2,33545438
743,61.2,61.2,60.5,61.2,42375833
744,60.5,61,60.5,60.8,27918807
745,61.2,61.4,60.6,61,49430481
748,62,62,61.3,61.5,66009939
749,61.8,0.0,0.0,0.0,0
751,60,60.9,59.9,60.9,106308218
752,60.1,60.2,59.6,59.7,60417416
755,60.7,60.8,60.4,60.8,60795573
756,61,61.2,60.6,60.7,48385337
757,61.5,61.9,61,61.5,79797090
758,62,62,61.6,61.7,59691920
759,62,62.3,61.7,62.2,39000599
762,61.9,62.1,61.6,62,25797121
763,61.1,61.7,60.9,61.7,30388674
764,61.8,62,61.5,61.9,34183594
765,61.3,61.7,61,61.4,39333781
766,61.8,61.8,61,61,58237104
769,61.5,62,61.1,62,24646815
770,61,61.5,60.4,61.5,28094400
771,61,61.3,60.4,61.3,31040128
772,61.8,62,61.3,61.4,48827692
773,61.9,61.9,61.2,61.3,30492277
776,60.5,61.8,60.4,61.4,32530604
777,60.7,60.7,60.1,60.6,36089952
778,61,61.1,60.4,60.5,34490907
779,61,61.4,60.8,61.3,40237461
780,61.8,61.8,61.4,61.7,42971490
783,62,62.2,61.8,62,38700363
784,62.3,62.3,62,62.2,37964025
785,62,62.4,61.9,62.3,28106224
786,62.7,63,62.1,62.4,62152025
787,62.8,63.1,62.5,63,67950318
790,63.5,63.5,63,63.4,76412451
791,63.3,63.4,63,63,24422860
792,63.9,64,63.3,63.5,45944910
793,63.9,64.1,63.6,63.9,32789288
794,64.2,64.6,63.8,64.5,44439457
797,63.3,64.2,63.1,64.2,25993414
798,64,64,63.1,63.3,25859736
799,64.2,64.3,63.7,64,40350878
800,63.7,64.2,63.7,63.9,31729995
801,63,64,63,63.6,29717715
804,63.9,64,63.2,63.8,27654865
805,64.5,64.7,64.1,64.3,57574940
806,63.8,64.5,63.6,64.2,51389635
807,63.3,63.9,63,63.7,39098639
808,63.7,64,63,63.6,23828288
811,63.8,64.3,63.2,63.6,25455014
812,63.4,63.8,63.3,63.7,31197401
813,63.2,64,63,63,29838835
814,64.4,64.5,63.5,63.8,35239560
815,64.4,64.5,63.9,63.9,34464743
818,64.3,64.7,63.8,64.6,35816781
819,63.4,64.4,63.4,63.8,70250069
820,64.6,64.6,63.8,63.8,58436751
821,66.2,66.4,64.9,65,88027127
822,68.3,70,66.7,66.8,130917340
825,68.5,69.5,68.4,68.9,58841593
826,68,68.6,67.6,68.5,59039512
827,68,68.7,67.8,68.6,47351126
828,70,70.1,68.8,69,91627105
829,69.7,69.9,69.3,69.6,32865475
832,69.4,70.4,69,70,38255713
833,69,69.9,68.7,69.9,58489659
834,70,70.1,68.5,68.6,57589685
835,71.2,71.6,69.8,70,66209125
836,72.9,75,71.6,72,111499233
839,71.2,73,70.9,73,93319672
840,71.3,71.6,70.8,71.5,63310149
841,71.2,71.6,70.7,71.1,27073200
842,71,71.8,70.7,71.8,35614804
843,70.8,71,70.5,71,56586878
846,70.7,70.8,70,70.8,45211396
847,70.9,71,70.6,70.9,36610483
848,70.6,70.8,70.2,70.8,40414979
849,70.6,70.8,70.1,70.6,55579081
850,71,72.3,70.3,70.5,143761763
853,71.1,71.6,70.8,71.5,35747205
854,71.2,71.6,70.8,71,36048199
855,69.8,71.1,69.6,70.9,54327088
856,71,71,69.7,69.8,46802332
857,72.5,73,71.9,71.9,170328819
860,74.2,74.2,72.6,73,69703894
861,74.5,74.9,73.8,74.1,82758806
862,74.9,75,74.7,74.7,53637687
863,74.6,75.3,74.2,75.1,93105337
864,74.8,74.8,74.1,74.4,29817293
867,75.8,75.9,75.3,75.4,67400276
868,76.8,77.4,75.2,75.5,57357186
869,78,78.3,76.6,76.9,87297730
870,76.4,77,76.1,77,43718267
871,74.6,75.2,74,74,81475611
874,75.3,75.4,74.6,75.2,46169039
875,75,75.9,74.9,75.9,50794623
876,74.6,75.2,74.3,74.6,66830494
877,75.2,75.4,74.8,74.9,69892004
878,76.3,0.0,0.0,0.0,0
889,75.5,77,74.8,77,110969823
890,73.8,75.6,73.8,75.5,81246782
891,72,73.4,72,73.1,83632934
892,71.4,72.4,70.9,72.2,112430037
895,72.5,72.9,71.5,72,66889583
896,72.5,73.1,71.4,72.4,56495041
897,72.1,72.7,71.9,72.4,54423863
898,72.5,72.9,71.6,72.4,49330644
899,73,73.9,73,73.1,74599914
902,73.4,73.4,72.3,73.1,39070280
903,72.5,72.5,71.2,72.2,82661396
904,71,71.9,70.5,71.5,80262579
905,70.5,71.4,70.5,71,62768424
906,70.5,0.0,0.0,0.0,0
910,71.4,71.8,70,70,84618121
911,70.4,71,70.4,70.8,53047407
912,70.8,71.6,70.1,70.1,59498499
913,71.8,72,71.3,71.5,60659920
916,70.9,71.7,70.9,71.6,30172470
917,71.5,71.8,70.5,70.5,55818519
918,71.4,72.2,71.1,72.2,46796528
919,70.5,72.1,70.1,72.1,64180088
920,70,70.6,69.5,70,52600534
923,70.3,70.5,69.1,70.3,48041338
924,68,70.1,66.2,70,117025324
925,68.5,69.1,68.1,68.8,62389483
926,67.4,67.5,65.7,66.8,105442287
927,68.3,68.4,67.2,67.8,55721233
930,69,69.1,68,68.3,36534983
931,68.6,69.5,68.4,69.5,34736830
932,68.7,69.1,68.1,69.1,31238583
933,69.4,70.1,69,69.1,44747838
934,71.2,71.2,70,70.4,51712263
937,71,71,70.3,70.6,31030915
938,70.8,71.2,70.4,70.6,34871283
939,70.3,70.8,70,70.3,60975449
940,70.6,71,70,71,46429498
941,70.7,0.0,0.0,0.0,0
946,72.9,72.9,71.5,71.5,114460250
947,72.8,73,72.3,73,45215954
948,72.9,73,72.4,72.9,65763831
951,71.1,73,70.9,73,62602112
952,70.1,70.7,70.1,70.5,45964636
953,70.7,70.8,70,70.1,27891600
954,69.8,70.5,69.6,70.3,53756684
955,69.2,70,69.1,70,52231570
958,69,69.8,68.8,69.8,27185278
959,68.1,68.5,68,68.5,42733182
960,69.8,69.8,68.5,69,48244873
961,70.7,71.3,70.3,70.7,50937217
962,70.9,71,70.3,70.9,25371724
965,70.3,71.1,70.1,71,22103592
966,70.3,70.3,69.1,69.7,31931088
967,72.3,72.7,71.5,71.5,59307601
968,73,73.7,72.9,73.4,83614038
969,73.2,0.0,0.0,0.0,0
973,74.6,74.8,73.6,73.9,81669099
974,73.8,74.4,73,74.4,46678225
975,74.8,74.8,73.6,74,45484174
976,75,75.6,74.4,75,54111533
979,75.5,76.1,75.2,75.6,64708117
980,74.4,75.6,74.4,75.6,43355853
981,75,75.3,74.6,75.3,43256281
982,75.7,76,74.1,74.2,59055772
983,75.9,76.1,75.5,76,40118462
986,74.9,75.9,74.7,75.9,34105848
987,75.6,76,74.6,74.6,41402144
988,75.3,75.8,74.9,75.3,28263408
989,75.2,76.3,74.9,74.9,58823651
990,75.5,76,74.9,76,33000080
993,75.1,75.5,74.5,74.7,39033336
994,74.8,75.1,74.2,74.9,34788138
995,74.5,74.9,73.3,74.2,59580438
996,74.2,75,74,75,33240611
997,74,74.5,73.8,73.8,49929460
a1306733400,75.1,75.3,74,74,33733362
1,76.7,76.9,75.4,75.5,62918492
2,77,77.3,76.3,76.3,45321656
3,76.4,77.4,76.3,76.3,61881218
4,77.2,0.0,0.0,0.0,0
8,77.5,78.2,76.6,77.2,41425578
9,77.5,78,77.1,77.1,58253016
10,76.9,78,76.8,78,36964778
11,75.3,77.5,75.1,77,55348517
14,74.7,75,73.9,74.5,72548035
15,76.2,76.4,74.5,74.5,52975332
16,77,77.4,76.1,77,91840464
17,75.5,76.2,75.4,76,63134906
18,74.2,75.1,74.1,75,91732005
21,74.9,75.4,74.1,74.6,31787173
22,75.9,76.2,75.3,75.4,42663024
23,75,76.3,74.6,76.3,46702856
24,74.2,74.9,73.8,74.7,70233153
25,72.9,73.6,71.9,73.6,86769132
28,72,72.1,71.6,72,65176171
29,72.5,72.6,71.8,72.1,101716180
30,71.4,72.1,70.4,70.9,93105765
31,72.2,72.2,71.3,71.4,48913227
32,72.8,73,72,72.2,41924811
35,73.5,73.9,73.1,73.9,44330249
36,73.2,73.3,72.4,73.2,39009290
37,72.8,73.4,72.5,73.2,43443966
38,71.6,72.3,71.5,72.1,47743268
39,72.5,72.8,72,72.1,52961930
42,71.3,72.6,70.2,72.6,52112506
43,70.3,70.8,70.1,70.6,40008149
44,72.2,72.5,70.1,70.5,69109535
45,70.7,71.4,70.1,70.5,54411654
46,69.9,70.2,69.5,70,89121604
49,69.7,70.2,69.4,69.7,37965672
50,68.5,69.8,68.5,69.6,57459752
51,71.6,71.7,69.4,69.7,58272255
52,71.6,71.6,70.6,71.4,33277022
53,72,72.4,71.7,72.4,38243895
56,72,72.5,71.4,72.4,34963097
57,73.7,73.7,72.3,72.3,53159077
58,73.4,73.9,73,73.7,45636420
59,73,73.4,72.3,72.8,33720583
60,72,72.4,71.3,71.8,60692921
63,72.6,72.8,72,72,41138861
64,71.4,72.1,71.2,72,33521052
65,70.1,70.5,69.8,70.1,46025696
66,70,70.7,69.6,69.6,45103688
67,66.6,68,66,66,89690635
70,65.2,67.4,64,66,97536001
71,63.3,65.1,62.2,62.5,116036463
72,65.8,67,65,65.1,109804248
73,66.4,66.8,64,64.6,54377640
74,65.1,67.6,65.1,67.2,64348977
77,66.8,66.9,65.9,66.9,40240365
78,66,66.8,66,66.8,39029009
79,65.8,66.2,65.3,66,35881176
80,64.4,65.8,63.3,65.8,73320125
81,63.9,63.9,63,63.1,49269207
84,65,65.5,63,63.6,46371719
85,66.8,67.1,65,65,46548145
86,67.5,67.7,66.4,67.7,50480441
87,67,67.6,66.4,67.4,30883139
88,67.9,68.3,67,67.1,40513405
91,69.4,69.9,68.1,68.6,38635070
92,69,70.3,68.6,70.3,33757478
93,69.4,69.4,67.8,69.1,47789802
94,68.6,69.8,68.6,69.4,47994636
95,67.5,69.5,67.1,69.5,44964008
98,66.6,67.1,65.9,66.1,49912276
99,66.1,67.2,66.1,66.5,40850716
100,68.6,68.6,66.8,67,40117110
101,68.7,69.6,68.4,69.6,43046405
102,69.3,0.0,0.0,0.0,0
106,68.4,70,68.4,69.6,34951115
107,67.2,69.6,66.9,69.5,60845560
108,69.1,69.8,68.5,69,44236998
109,71.1,72,70.3,70.4,78609192
112,71.2,71.7,70.7,71.4,28798528
113,70.5,71.7,69.7,71,46911328
114,72,72.1,70.9,71,54414093
115,69,70.5,69,70.2,64921340
116,67.5,68.9,67.4,68.2,89409070
119,67.2,68.3,66.9,67.7,61686437
120,69.9,70.2,68.7,68.9,56719834
121,70.3,70.9,69.8,70.8,46783456
122,70.3,70.9,69.3,69.6,39956350
123,70,70.8,69,70.3,60517984
126,68.6,70,68.1,70,33968944
127,69.1,70,68.2,70,36568490
128,69.1,69.7,68.7,68.9,36349687
129,69,69.9,68.7,69.7,57263562
130,69.1,0.0,0.0,0.0,0
134,70,70.4,69.6,70,55726870
135,70.4,70.5,69.6,70.5,41639259
136,70.4,70.4,68.8,69.8,58476748
137,70.3,70.8,69.9,70.8,38790537
140,71.1,71.1,70.5,70.8,39053573
141,70.7,70.7,70,70.1,25859669
142,71.1,71.1,70.2,71,32281304
143,69.7,70.7,69.6,70.5,27287389
144,70.3,70.7,69.6,70.7,17965963
147,71.7,71.9,71.2,71.2,50146184
148,71.5,72,71,71.8,43178880
149,71.9,72,71.1,71.4,25727121
150,71.9,72.2,71.4,72,39438225
151,73.1,74,72.1,73.5,93382868
154,73.6,73.8,73.1,73.5,46791993
155,73.8,74,73,73.5,37363232
156,73.9,73.9,72.4,73.1,34693880
157,73.5,74.2,72.3,74.2,43447566
158,74.6,74.9,73.9,74.5,57309287
161,75,75.2,74.3,75,29685653
162,74.5,75,74,75,21482009
163,74.1,74.9,74.1,74.9,20575896
164,72.6,73.4,72.5,72.5,49448638
165,73.4,73.6,72.6,73.5,27527803
168,75.9,76,74.6,74.9,63725093
169,76,76,75,75.5,37165042
170,75.4,76,74.9,76,39988018
171,75.7,76,74.8,75.2,34944675
172,74.2,75.2,73.7,75,56459308
175,73.3,73.9,73,73.2,23406267
176,74,75.2,73.8,75.2,47492221
177,73.4,74.5,73.1,74,43984809
178,72.8,73.2,72.6,72.9,47608921
179,71.6,73.3,71.3,73,38314107
182,73.6,74.4,71.6,71.6,34957012
183,73.6,74.2,72.9,73.8,42724548
184,74.6,74.6,73,74,51449819
185,76.6,76.6,75.5,75.5,78593221
186,76,76.8,75.4,76.6,35343298
189,76.3,76.3,75.4,76,30150720
190,75.4,76.3,75.3,76.3,43140275
191,76.4,76.5,75.4,76.5,40912767
192,76.3,76.7,75.3,76.7,31710593
193,74.1,76,73.5,76,42027756
196,75,75.2,74.1,75.1,28589597
197,75.2,75.2,73.7,73.7,31354392
198,74.5,75.1,73.9,75.1,29240577
199,72.5,74.1,72.5,74.1,36001877
200,72.7,73.4,72.5,72.8,22604586
203,72.5,73.5,72,73.5,24542073
204,72.8,72.9,72,72.9,27359115
205,76,76,74.1,74.9,54091089
206,75,75.5,74.4,75.3,26771315
207,75.4,75.8,74.6,75.8,30276612
210,75,75.5,74.7,75.4,11335056
211,75.5,75.5,74.7,74.8,14641772
212,75.7,75.7,74.9,75.3,20046858
213,75.8,75.9,75.2,75.4,24790952
214,75.8,75.9,74.9,75.7,32283770
217,75,75.4,74.7,75,14945219
218,75.7,75.9,75.2,75.5,21223640
219,75.8,76.1,75.5,76.1,34126472
220,76,76,75.3,76,28076670
221,75.6,75.9,74.9,75.9,30123118
224,75.6,75.6,74.6,75.2,27655856
225,76.5,76.5,75.8,76,62064369
226,76.5,77,76.1,76.8,44295291
227,77,77.1,76.5,76.7,55520616
228,77.5,78,77,77.2,57757708
231,75.3,76.9,74.6,76.1,37711367
232,75.6,75.9,74.9,75.9,43995131
233,76.7,0.0,0.0,0.0,0
245,78.7,79.5,77.2,78,147548010
246,78.5,78.5,76.3,78.1,87917010
247,77,77.7,76.7,77.5,47222153
248,76.8,77.5,76.1,77.5,54065648
249,76.2,76.4,75.6,76.3,49361665
252,77.4,77.5,76.6,77.3,47596035
253,77.4,77.5,76.8,77.5,30008591
254,77.5,77.5,76.9,77.5,35600596
255,78,78,76.5,77,70988148
256,76.9,78,76.7,78,47270213
259,76.6,77.1,76.2,76.4,36380000
260,77.3,77.4,76.2,77.1,41995000
261,78.5,78.5,77.6,77.6,70978000
262,78.5,78.9,78,78.5,57944000
263,80,81.1,79.4,79.5,63929000
266,80,80.8,79.7,80.6,31043000
267,80,80,79.3,80,27443000
268,79.7,80,79,79.9,41090000
269,78.1,79.4,77.7,79,59936000
270,79.1,79.1,77.2,77.5,39386000
275,81.1,81.1,79.4,80.2,77948000
276,80.1,81,80.1,81,21169000
277,80,80.1,79.2,80,23782000
a1330756200,79.3,79.6,79.1,79.1,7307000
a1330925400,78.9,79.6,78.5,78.7,22782000
1,79.5,79.6,78.3,79.6,27703000
2,79.1,79.3,78.7,79,30305000
3,79.7,80.2,79.2,79.8,36169000
4,80,80,78.8,79.5,22702000
7,80,80.5,79.6,80.2,28913000
8,81.3,81.3,80.1,80.6,47221000
9,83.2,83.2,82,82.4,60618000
10,83.2,83.2,82.5,83.2,30072000
11,81.1,83.8,81.1,83.2,29079000
14,83.7,84.2,82.4,83.7,37321000
15,83.2,84.1,82.8,84,29232000
16,84.9,85.2,83.8,84.8,61534000
17,85.2,85.7,84.3,85,37740000
18,85.4,85.4,84.4,85,29341000
21,83.6,85.1,82.5,85.1,58830000
22,85.8,85.8,84.3,85,34236000
23,85.5,86.5,84.6,86.5,28246000
24,84.1,84.5,83.4,84.5,49391000
25,84.9,84.9,82.9,83.7,43730000
28,85.1,85.2,84,84.8,23624000
29,85,85,83.8,85,31241000
31,83.1,84,83.1,83.3,42645000
32,83.8,84,83.1,84,34072000
35,83,83.6,82,82,23209000
36,82,83.5,81.8,83.1,33332000
37,82.4,83.5,81.7,82,40711000
38,82.6,82.7,81.5,82.5,36673000
39,84.9,85,82.7,83.4,44685000
42,84.9,85,83.8,84.6,19461000
43,83.8,84.9,83.4,84.9,29423000
44,85,85,84.4,85,32325000
45,85.8,85.8,84.3,84.5,31398000
46,84.3,85.7,84.1,85,27633000
49,84.3,84.6,83.4,84.2,20301000
50,84.6,84.6,83.6,83.8,24868000
51,84.2,84.9,83.9,84.9,31076000
52,84,84.2,83.5,84.2,21008000
53,86,89.8,86,87,116673000
56,86.8,87.4,85.7,86.3,47549000
58,88.4,88.9,86.8,87,47424000
59,88.9,89,87.9,88.4,27641000
60,87.6,88,86.7,86.7,37633000
63,85.6,86.5,85,86.5,46464000
64,84.4,86,84.4,86,45605000
65,84.6,85.2,83.5,83.9,40753000
66,85.3,85.7,84.3,85,28381000
67,85.5,85.7,84.5,85.7,33565000
70,85.4,85.5,84.8,84.8,13924000
71,85.5,85.7,84.1,85.4,30654000
72,83.4,84.5,83.4,84.2,64877000
73,85.1,85.1,84.1,84.8,33612000
74,81.8,83.9,81.8,83.9,57538000
77,82.5,82.8,81,81,32372000
78,82.2,82.9,82.2,82.7,33935000
79,79.1,81.2,79,81,62853000
80,80.6,80.6,78.1,78.9,40831000
81,80,80.5,79.2,79.8,28205000
84,81.6,81.7,79.8,80,28830000
85,82.3,83.2,82,82.5,40599000
86,81.7,82,80.3,81.6,75216000
87,85.1,85.1,79.7,80.5,81199000
88,79.9,81.7,79.9,81.7,66832000
91,76.5,77.1,76.1,76.5,65908000
92,78.2,78.2,77.2,77.5,37461000
93,77.8,78.6,77.5,78.2,33650000
94,79.8,79.8,78.6,79.4,47636000
95,77.9,78.7,77,77,34628000
98,80.4,80.5,79.6,79.9,36966000
99,79.4,79.8,78.5,78.5,38319000
100,80,80.8,79.5,80.8,32241000
101,79.2,80.2,79.1,80,30382000
102,78.1,79.5,78.1,79.2,83325000
105,80.8,81,80,80,33626000
106,80.5,80.9,80,80.9,28864000
107,81.6,81.6,80.5,81.3,28945000
108,80.6,81,80.3,80.5,27004000
109,80.1,81,79.9,80,30162000
112,79.6,80.8,79.1,80.8,39476000
113,78.7,79.1,78.3,79,36877000
114,79.3,79.5,78.2,78.3,31889000
115,79.9,80.3,79.5,80,33067000
116,81.3,81.3,79.3,79.6,47813000
119,83.3,83.7,81.5,81.5,61179000
120,84.2,84.9,83.4,83.6,59905000
121,81.2,82.1,81.2,82.1,38922000
122,81,82,80.7,82,26863000
123,80.9,81,80.1,81,38090000
126,80,80.3,79.6,79.9,45026000
127,79.1,79.9,78.6,79.4,33429000
128,78.1,78.3,77.4,78.1,58592000
129,75.7,77.5,75.7,77.5,68200000
130,75.8,76,74.5,74.9,51423000
133,75.5,76.3,75.5,76.3,35444000
134,74.8,75.2,74.5,74.5,51636000
135,74.8,75.3,74.8,75,37193000
136,77.5,78,76.8,76.8,61961000
137,76.7,77,76.2,76.4,48352000
140,74.3,75.1,73.8,75.1,57404000
141,74.8,74.8,74.2,74.3,39904000
142,74.6,75.2,74.4,75,52097000
143,76.3,76.7,75.2,75.7,46806000
144,79.3,79.4,77.2,77.9,72384000
147,79,80.4,78.8,80,37840000
148,81,81,78.5,78.5,67536000
149,80,80.5,79.4,80.1,35881000
151,79.8,80.1,79.2,79.5,46567000
154,80.9,81.5,80.7,80.9,58403000
155,81.4,81.4,80.7,81.3,40024000
156,80.5,81.9,80.1,81.9,39881000
157,82.3,82.3,81.3,81.3,54211000
158,82,82.4,81.2,82.3,29859000
161,82.7,83.8,82.5,83.8,30234000
162,83.2,83.8,82.8,83,33268000
163,83,83.7,82.5,83.7,27260000
164,82.9,83.4,82.5,83,27999000
165,82,83.2,82,83,27049000
168,82.4,82.7,81.9,82.7,20997000
169,83.6,83.9,82.7,82.7,36814000
170,82.4,83.4,81.9,83.1,33548000
171,82.7,82.8,82.2,82.4,22336000
172,82,82.3,81.7,82.3,25460000
175,83,83.5,82.4,82.9,25691000
176,82.4,83.4,82,82.3,31760000
177,82.7,83,82.1,82.6,18411000
178,82.7,83.2,82.3,82.3,45455000
179,83.3,83.3,82.4,82.4,13487000
182,83.9,83.9,82.8,83.5,20728000
183,84,84,83.5,84,21632000
184,82,83.3,81.9,83,43274000
185,81.1,82.8,81,82.8,25755000
186,83.8,83.9,82.8,83,44441000
189,83.5,83.6,83.2,83.3,16875000
190,84.4,84.7,84,84.2,31566000
191,84.5,84.9,84.5,84.5,37428000
192,85,85,84.5,84.5,29565000
193,86.5,86.5,85.5,85.6,51715000
196,86.5,87,85.8,86.9,24786000
197,85.7,86.5,85.4,86.5,35483000
198,86,86.4,85.1,85.9,41915000
199,85.3,86,85.1,86,24807000
200,85.7,86.5,85.3,86,50990000
203,86.1,86.4,85.1,85.7,30299000
204,85.9,86.2,85.7,85.8,35885000
205,86.4,86.4,85,85.4,36796000
206,87.6,87.8,86.2,86.8,53924000
207,89.8,89.8,88.5,88.6,58535000
210,88.9,89.2,88.3,89.2,38119000
211,89.6,89.8,88.9,89.2,23575000
212,89.8,89.9,89.3,89.6,26330000
213,90.6,90.6,89.5,89.9,36462000
214,91,91.3,90.4,91,35197000
217,89.1,91,89,91,38011000
218,87.1,88.5,87.1,87.2,60022000
220,85.5,85.7,84.8,85.1,74170000
221,86.3,86.3,85.3,85.6,23657000
224,86.4,86.4,85.4,86.1,19093000
225,87.5,87.5,86.7,86.7,29187000
226,87.4,88,86.5,87.8,34739000
227,88.1,88.2,87,87,20400000
228,86.7,87.3,86.2,86.2,27597000
231,86,86.3,85.6,86.3,20015000
232,85.7,86.3,85.6,85.9,16134000
233,85.4,86.4,85.1,85.1,28246000
234,84.8,85.6,84.5,85.4,36358000
235,87.3,88.3,86.3,86.5,65197000
238,88.1,89.1,87.6,88.3,36010000
239,88,89,87.7,88.8,30286000
240,88.7,88.8,87.9,88,25911000
241,89.2,89.2,87.7,88.6,35973000
242,89.9,90.1,89.5,90,38858000
245,90.3,90.3,88.8,89.9,31435000
246,90.4,90.6,89.7,90.6,26333000
247,91,91,90,90.5,22025000
248,90.5,90.9,89.9,90.8,39566000
249,90.8,90.9,89.5,90.3,36639000
252,91.3,91.8,90.6,91,29882000
253,90.3,91,89.3,91,37000000
254,90.5,90.9,89.5,90,30190000
255,90.2,90.6,89,89.9,25043000
256,90.2,90.3,89.2,89.2,32472000
259,90,90.5,89.7,89.7,23037000
260,90.4,90.4,89.8,90,21424000
261,90.5,90.9,89.2,90.3,30032000
262,91.3,91.3,90.3,90.3,20745000
263,95.5,95.5,91.5,91.6,63873000
266,95.3,95.6,94.9,95.5,34282000
267,96.3,96.3,94.3,94.6,48731000
268,95.9,96.1,95.3,95.8,54692000
269,96.5,97.3,95.5,96,48637000
270,98.7,98.8,95.9,96,74919000
273,97.9,98.6,96.8,98.3,41656000
274,96.6,97.2,95.3,96.9,41419000
275,96.9,97.1,94.6,94.6,60447000
276,96.6,96.9,96.1,96.6,33074000
277,98.1,98.5,97.1,97.1,37005000
280,96.5,98,96.5,97.9,28995000
281,98.3,98.3,96.7,97.3,40565000
282,98.4,98.5,97.2,98.3,32453000
283,99.2,99.4,97.9,98.3,39860000
284,98.4,98.6,97.5,98.2,32975000
287,97,97.7,96.2,96.4,46575000
288,96.7,96.7,95,95,35265000
289,97.3,97.3,96.2,96.7,27857000
290,96,96.9,95.1,96.1,35458000
291,94.8,96.5,94.6,95.1,34230000
292,95.7,96.2,95,95.7,8303000
294,95.2,96.4,95.1,96,16019000
295,96.5,97.3,95.6,96,15925000
296,96,97.3,96,96.5,11988000
297,95.6,96.7,95.5,96.2,24172000
298,97,97,95.9,96.8,25594000
303,99.6,99.9,97.1,97.6,40527000
304,101,102,100,100.5,44107000
305,101.5,101.5,100,100.5,39278000
308,100.5,101,99.1,101,40288000
309,99.7,100,98.9,99.6,31090000
310,100,100.5,99.2,100.5,26137000
311,101,101,99.5,99.9,35738000
312,101,101.5,100.5,101.5,22418000
315,102,102,100,101,23448000
316,100.5,102,99.8,102,35617000
317,99.2,100.5,99.2,100.5,34626000
318,99.3,101,98.5,100.5,33698000
319,101.5,101.5,100.5,101.5,49737000
322,100.5,101,100,101,17257000
323,101,101,99.9,101,21797000
324,101,101.5,100,101.5,23184000
325,99.9,100.5,99.2,100,39614000
326,99,99.9,98,99.9,47836000
329,99.3,99.5,98.6,98.7,29117000
330,101,101.5,99.7,100,35346000
331,101.5,102,100.5,102,27884000
332,101.5,101.5,100,100.5,39667000
333,101.5,101.5,100.5,101.5,22085000
336,103,103,102,102,33911000
337,103,103,101.5,103,17175000
338,105,105,103,103.5,30600000
350,107,108.5,106.5,107,63701000
351,107,108.5,106.5,108.5,21802000
352,109,109.5,108,108.5,40532000
353,107,108.5,107,108.5,30260000
354,105.5,106.5,105,106,39344000
357,105,107,105,106.5,35913000
358,103.5,105,102.5,103.5,38440000
359,104.5,104.5,101,102,80851000
361,105,105,102.5,103,31408000
364,102,104.5,101.5,104.5,50033000
365,104,104,102.5,103.5,53913000
366,104,104.5,103,104,35977000
367,103,104,103,103.5,20518000
368,103.5,104.5,102,103,44571000
371,102,104,102,102,35709000
372,102.5,103,101.5,102,29992000
373,104.5,105,102,102.5,57399000
374,104,104.5,103,104,32329000
375,103,105,103,105,34424000
378,100.5,102,100.5,102,43902000
379,100,101.5,99.6,101,47215000
380,98.8,99.5,98.8,99.5,61605000
381,98.7,100.5,98.7,98.8,56415000
382,98,99.1,98,98.6,44822000
385,99.5,100.5,99.2,99.9,24203000
386,99,99.4,98.8,99.2,27183000
387,100.5,100.5,98.8,99,25674000
388,100,100.5,99.3,100,27872000
389,100.5,101,99.8,100,18943000
392,101,102,100.5,101,15964000
393,100.5,101,99.8,100.5,22291000
394,100.5,101.5,100,101.5,26312000
399,98.5,99.5,98.5,99,53948000
400,97.5,98.5,97.5,98,40543000
401,98.3,98.8,97.7,98.8,34877000
402,101.5,101.5,98.8,99,54072000
403,100.5,101.5,100,101.5,18954000
406,99.4,101,99.1,100.5,23233000
407,100.5,101,98.2,98.2,33395000
408,100,101.5,99.7,101.5,35304000
409,99.9,101,99.4,100,32242000
410,106.5,106.5,105.5,105.5,66723000
413,108.5,109.5,107.5,108.5,72170000
414,106,107.5,105.5,106.5,45835000
415,106,107,104.5,106.5,35383000
416,107,107,105.5,106,26145000
417,108.5,109,107,107,36420000
420,108,108.5,107.5,108.5,21008000
421,109.5,109.5,108.5,108.5,34314000
423,110.5,111,109,110,37313000
424,110,112.5,110,111.5,36502000
427,111.5,111.5,110.5,111.5,19268000
428,112.5,113,111,112,19273000
429,114.5,115,112.5,112.5,40914000
430,115,116,114.5,116,27151000
434,114.5,115.5,114,115,18197000
435,115.5,116.5,115,115.5,27714000
436,115,116,113.5,115,25970000
437,113.5,116,113,115,44164000
438,113.5,113.5,111.5,112,19214000
441,114,114,112.5,112.5,14472000
442,112.5,113.5,112,113,17184000
443,112,113.5,111,112.5,31200000
444,108,111.5,108,110.5,46370000
445,109.5,110.5,108.5,109.5,26614000
448,112,112,109.5,109.5,19085000
449,109.5,112.5,109.5,112,21209000
450,111,112,110.5,110.5,16736000
451,110,111.5,109.5,111,36088000
452,109.5,111.5,109,111.5,37162000
455,107.5,108.5,106.5,108,35739000
456,109,110,107.5,109,27446000
457,109.5,110.5,108.5,109.5,23334000
458,107.5,109.5,107,108.5,31641000
459,108.5,109.5,108,108,32987000
462,108.5,110,108,110,21045000
463,108,110,108,110,34785000
465,104.5,107,104,106,60275000
466,106,106,104.5,105,41147000
469,106,106,105,105.5,22921000
470,106.5,106.5,104.5,105,29969000
471,105.5,106.5,105,106,21991000
472,104,105.5,103.5,105,29951000
473,103.5,103.5,101.5,102,38787000
476,101,102.5,100,102.5,53521000
477,101,103,101,101,32319000
478,101.5,104,101.5,103,54819000
479,104.5,105,103,103,45541000
480,111,111,105,106,74198000
483,108,109.5,108,109,51539000
484,110,110,108.5,109,44320000
485,107,107,105.5,107,44593000
486,107,107,106,106.5,24252000
487,109,109.5,107,107.5,28230000
490,105,108,104.5,107,32729000
491,106,106.5,103.5,104.5,34261000
492,106,107,104.5,104.5,22045000
493,109.5,109.5,107.5,107.5,55975000
494,110,110,108.5,109.5,31046000
497,109.5,109.5,108,108.5,33099000
498,108,109,107,108.5,35863000
499,109,109,107,108,36386000
500,105.5,108,105.5,107.5,43963000
501,98.2,99.7,98.2,99.4,117410000
504,97,98.4,96.9,98,86924000
505,100,101.5,98.5,98.5,85529000
506,102,103,100,100.5,58261000
507,102.5,103.5,101,102,36398000
508,102.5,103,101,103,31781000
511,100,101.5,100,100,38265000
512,102,102.5,100.5,100.5,33818000
513,102.5,103,101,101.5,36945000
514,100.5,102,100,102,27849000
515,100.5,103,100,102.5,27947000
518,100.5,101.5,99.9,100,23349000
519,98.8,100.5,98.6,100.5,42742000
520,97,98.5,97,98.5,45468000
521,96.4,97.1,95.3,96,55550000
522,96.4,100,96.4,100,47046000
525,96,96.7,95.6,96.4,33389000
526,97.2,97.4,96,96,34361000
527,96.8,97.3,95.8,96,41618000
528,96,96.4,95.3,96.4,42647000
529,96.5,97.5,95.2,95.4,37509000
532,95.5,96.1,95.3,95.5,49081000
533,94.4,95.4,94.4,95.2,41635000
535,94.5,94.9,92.9,93,60185000
536,97,97.3,95.5,95.7,44276000
539,96.8,97.6,96.1,97.6,18663000
540,95.6,96.8,95.6,96,22435000
541,96.8,97.3,95.1,95.6,34586000
542,98.7,98.9,96.9,96.9,36841000
543,100.5,100.5,98.8,99.6,37275000
546,102,102,99.6,100,30751000
547,102,103,101.5,103,31074000
548,100.5,101.5,100,100.5,25183000
549,101.5,101.5,100,100.5,30002000
550,102,102,101,102,24631000
553,103,103,101,102.5,32515000
554,104.5,104.5,102.5,103,37304000
555,104.5,104.5,102.5,103,40290000
556,103.5,104.5,103,103,32814000
557,102.5,103,102,102.5,22273000
560,105.5,105.5,104,104,40590000
561,105.5,105.5,104.5,105.5,25402000
562,103,105.5,103,105,28113000
567,105.5,106,102.5,103,51403000
568,105,105.5,104,105,28633000
569,103,104.5,103,104.5,31708000
570,101.5,103.5,101.5,103.5,23012000
571,103,103.5,102,103.5,26146000
574,100.5,102,100,100.5,45308000
575,101.5,102.5,100.5,100.5,22557000
576,103,103.5,102,103.5,14186000
577,105,106,103,103.5,50622000
578,104,105,103.5,104.5,19872000
581,103,104,102,103.5,20847000
582,105,105.5,103,103.5,21082000
583,105,105.5,103,104,22183000
585,106.5,107.5,105,105,56367000
588,105,106.5,105,106.5,18568000
589,107,107,106,106.5,21383000
590,106,108,106,108,18482000
591,107,108,107,107.5,28095000
592,110,110,108.5,108.5,58487000
595,110,111.5,109.5,111,40443000
596,111.5,111.5,109.5,110,38261000
597,111,111.5,110,111,21861000
598,110,110,108.5,109,21193000
599,107,109,106.5,108.5,36027000
602,109.5,109.5,107.5,108,21177000
603,109.5,109.5,108,108.5,21491000
604,110,110,109,109,16582000
605,109.5,109.5,108,108.5,22472000
606,109.5,110.5,108.5,110.5,10837000
609,109,109,108,108,9601000
610,106.5,109,106.5,108.5,20304000
611,107,107.5,106.5,106.5,16437000
612,107,107.5,106,107,15925000
613,106,106.5,105,105,30518000
616,104.5,106,104.5,105,21451000
617,105,106,104.5,106,31600000
618,103,105,103,105,26650000
619,103.5,104.5,103.5,104,29904000
620,104,104.5,103.5,103.5,19182000
623,104,105,104,104.5,25261000
624,105,105.5,104,104.5,34470000
625,103,104,102.5,104,45380000
626,101,103,100.5,102,56509000
627,100,101.5,100,100,56921000
630,101,102.5,101,101,30887000
631,103.5,105,101.5,102,44922000
632,105,105.5,104.5,105,21779000
633,105,105.5,104.5,105,22729000
634,105,105,104,104.5,34425000
637,104.5,105.5,104,105,18860000
638,104,105,103.5,104,21820000
639,105,105.5,103.5,103.5,23415000
640,104,105,103.5,105,25185000
641,103,104.5,103,103,25116000
644,105,105,104,104,23911000
645,104,105,104,104.5,22217000
646,105,105,103.5,103.5,24563000
647,103,104.5,103,104.5,18272000
648,102.5,103.5,102.5,102.5,28244000
651,102,103,102,102.5,18669000
652,103.5,104.5,103,103,26199000
653,101,103,101,102.5,55359000
654,102.5,103,101.5,102,27684000
655,102,103.5,101.5,101.5,37568000
658,104,104.5,103,103,28261000
659,103,104,103,104,13997000
660,103,103.5,102.5,102.5,9762000
661,104,104,103,103,6738000
662,104.5,104.5,103,103.5,24086000
665,106,106,104,104,44182000
666,105.5,106,105,105.5,24400000
668,104.5,105.5,103.5,105,15071000
669,102.5,103,102,103,38599000
672,102.5,103,102,102,23706000
673,102,103,102,102.5,15836000
674,104,104.5,102.5,103,30218000
675,101,103,100.5,102.5,63998000
676,102,102.5,101.5,102,33266000
679,103,103.5,102.5,103,19545000
680,103.5,103.5,102,102.5,21639000
681,105,106,104,104,54299000
682,107,107.5,106,106,49437000
683,107.5,108.5,107,108,53446000
686,107.5,108.5,107,107,24245000
687,106.5,108.5,106,108.5,24568000
688,107.5,107.5,106,106,28698000
689,107.5,108.5,107.5,108.5,27910000
690,108,108.5,107,107,33999000
693,105,106.5,104,106,64827000
702,100.5,102,100.5,102,145517000
703,102,103,101,101,71895000
704,104,104.5,103,103.5,54104000
707,103,104.5,103,104,26221000
708,104.5,105,104,104.5,21030000
709,105,105.5,104.5,105,22692000
710,105,106,105,105,19561000
711,107.5,107.5,106.5,106.5,42658000
714,108.5,108.5,107.5,108,33403000
715,108,108.5,107.5,108.5,22196000
716,108,108,107,108,26867000
717,106.5,107,106,106.5,28429000
718,107.5,107.5,107,107,31448000
721,107,108,106,107.5,32033000
722,108,108,106.5,107.5,31499000
723,107.5,108,107,107.5,34908000
724,108,108,107.5,107.5,48583000
728,108,108,106.5,108,51435000
729,107.5,108,107.5,108,47911000
730,110,110,108.5,108.5,54846000
731,113,113.5,110,110,69737000
732,114.5,115,113.5,114,65651000
735,113,114.5,112.5,114.5,37846000
736,114,114.5,113.5,113.5,28415000
737,113,113,112,112.5,18376000
738,116.5,117.5,115.5,116.5,56987000
739,115,115.5,114,115,44655000
742,114,115,113,114.5,33845000
743,114.5,115,113.5,114.5,37464000
744,114.5,115,113.5,114.5,32171000
745,112,113.5,112,113,45292000
746,112.5,114,112,114,60088000
749,112.5,112.5,111.5,111.5,28463000
750,113.5,113.5,111.5,111.5,38029000
751,115.5,116,114.5,115.5,43314000
752,116,116,114,114.5,30745000
753,117.5,117.5,115.5,116,43654000
756,118.5,118.5,116.5,118,46921000
757,119.5,119.5,118.5,119,40015000
758,120,121,119,120.5,43151000
759,118.5,119,117.5,118.5,36937000
763,117.5,118,116.5,117.5,45015000
764,119,119.5,117,117,39873000
765,119,120,119,119.5,28578000
766,119.5,119.5,118.5,119,25612000
767,120,120,118,118.5,34449000
770,120.5,121,120,120,30297000
771,122.5,122.5,121,121.5,28525000
772,121,122.5,121,121.5,49971000
773,120,121.5,119,120.5,35783000
774,123,123,121,122.5,32741000
777,121.5,122,121,122,21736000
778,121.5,122.5,120.5,121,22674000
779,121,123,120.5,123,31054000
780,121,121,120,121,24389000
781,118.5,121,118,121,49361000
784,119,120,117.5,118.5,28017000
785,120.5,121,119,120.5,21769000
786,118.5,120.5,117,120,43654000
788,118,119.5,117,119,42629000
791,117,118,116,117.5,28604000
792,118,119,116.5,117,27491000
793,118.5,119,117.5,118,33234000
794,119.5,120,119,119.5,27052000
795,120,120,119,120,22485000
798,118.5,120,117.5,119.5,35472000
799,120.5,121,119.5,120,24007000
800,122,122,120.5,121,32763000
801,122,122,120.5,121,16779000
802,122,123,121,122,28390000
805,121,122.5,121,122,18373000
806,121,122,121,122,25192000
807,120.5,122,120.5,122,24178000
808,122,122,121,121.5,26290000
809,122,122.5,121,121,31726000
812,123,123.5,122,123,19792000
813,123.5,124,122.5,122.5,18012000
814,124,124,122.5,124,36670000
815,122,124,121.5,123.5,43028000
816,119.5,122.5,119.5,122,69042000
820,122.5,122.5,120,120,37556000
821,123.5,124,123,123.5,33407000
822,123,123.5,121.5,123,19524000
823,122.5,123.5,122,123.5,19230000
826,123,123.5,122.5,122.5,19684000
827,124.5,124.5,122.5,123,25050000
828,125,125,123.5,124,27770000
829,123.5,124,123,124,22138000
830,123,123.5,122.5,123,17160000
833,124,124,122.5,122.5,13550000
834,125,125,123,124,19795000
835,125.5,126.5,124,125,37238000
836,126,126,124.5,124.5,17873000
837,124.5,127,124,126.5,30094000
840,123,125.5,123,125,25096000
841,123,123.5,122,123,33225000
842,123.5,124.5,123,123,30757000
843,124.5,125,123.5,124.5,30279000
844,125.5,126.5,124,125,44396000
847,126.5,127,125,126,33280000
848,128,128.5,126,126.5,32922000
849,132.5,132.5,129,129.5,51457000
850,134.5,135,130.5,131.5,40176000
851,135,136,132,133.5,44006000
854,136,136,132.5,134.5,32123000
855,134.5,136,134,135.5,36117000
856,134,135,133.5,133.5,39145000
857,134.5,136,134.5,134.5,47098000
858,136.5,138,135.5,136,43144000
861,132.5,134.5,132.5,134.5,46321000
862,133,134,132.5,133,36989000
863,130.5,133.5,130,133,39065000
864,124.5,125.5,123,125,136198000
865,123.5,124,121.5,121.5,95711000
868,123.5,124.5,122.5,124,56612000
869,124.5,125,122.5,123.5,53220000
871,125,125,124,124.5,65602000
872,123,125,122.5,124.5,31299000
875,121.5,122.5,121,122,43425000
876,124,124,122,122.5,37994000
877,124.5,125,123,123.5,32381000
878,121,124,121,124,44748000
879,120,121,119.5,120,52455000
882,123.5,123.5,120,120,39633000
883,119.5,122.5,119.5,122.5,61184000
884,120.5,121.5,119,119,34561000
885,121.5,121.5,119.5,120.5,29493000
886,120.5,121,119.5,120.5,35075000
889,120.5,121,119.5,120,42890000
890,121.5,122,120.5,121,32237000
891,122.5,123.5,120.5,121,39756000
892,124,124,123,123.5,32907000
893,124,125,123,124.5,19151000
896,123,124,122.5,124,14578000
897,124,125,123.5,124,31575000
898,125.5,125.5,124.5,125,28876000
899,124.5,126,124,126,22562000
900,125.5,126,123.5,124.5,42715000
903,125,126,125,125.5,20077000
904,124.5,125.5,124,125,28801000
905,125.5,126,124.5,125.5,36779000
906,125,126,124.5,126,21587000
907,124,125,124,124.5,28324000
910,128.5,128.5,125,125,36304000
911,126,128,125.5,128,19182000
912,128,128,125.5,127,24561000
913,127.5,128,126,128,21641000
914,127,128.5,125.5,128.5,20096000
918,127,127.5,126.5,127.5,22090000
919,125,126,124,126,29294000
920,125,126,125,126,22827000
921,123,125,123,124.5,19798000
924,123.5,123.5,122,122.5,19518000
925,122.5,123,122,123,19187000
926,124.5,125,123,123.5,23504000
927,125,125,123.5,124.5,14726000
928,125,126,125,125.5,30603000
931,122,124,122,124,39365000
932,122.5,123.5,122,123,15286000
933,123,124,122,122,27613000
934,122,124,121.5,123,23213000
935,121,121.5,120.5,121,23545000
938,120.5,122,120,122,54783000
939,120,121,119,120,44070000
940,121.5,122,120,120,42211000
941,121,122.5,120.5,121,30761000
942,124.5,125,122,122.5,52003000
945,126,126,124,125,37186000
946,125,125.5,123.5,125,39986000
947,122.5,125,122.5,123.5,29221000
948,125,125,123.5,124,35347000
952,120.5,121.5,118,119,69183000
953,121,121.5,119.5,120,31862000
954,121.5,123,121,121.5,43922000
955,121.5,124,120,121.5,45527000
956,123.5,125.5,123.5,125,91597000
959,126,126,124.5,125,38276000
960,125,126,124.5,126,25582000
961,129,129,127.5,127.5,64167000
962,127.5,128.5,127.5,128,26374000
963,125.5,127.5,125,127,42082000
966,128,128,126.5,126.5,25119000
967,128,129.5,127.5,129,34984000
968,129,129.5,128,129,34583000
969,128.5,129,127,128.5,35688000
970,130.5,130.5,127.5,128,41983000
973,131,132.5,130.5,132,44912000
974,132,132,131,132,32171000
975,132,132,131,131.5,22440000
976,132,132.5,131.5,132.5,28374000
977,131,131.5,130.5,131.5,16709000
980,134.5,134.5,132,132.5,42569000
981,134,135,133,135,20451000
982,132,134.5,131.5,134.5,27373000
983,134,134.5,132.5,133.5,24882000
984,135,135,133.5,134,23655000
987,133,135.5,132.5,135,23562000
988,131.5,134.5,131,134,42688000
989,136,136.5,132.5,133,70920000
990,139,139,137,137.5,44092000
991,138.5,139.5,137.5,139.5,30388000
994,138.5,140.5,138,140,33292000
995,139,140,138.5,138.5,42648000
996,139,139,138,138.5,23137000
997,140,142,140,140,26123000
998,141.5,141.5,139,139,35681000
a1417411800,140,142,138.5,139,41250000
1,137.5,139.5,137.5,139.5,45913000
2,138,139,136.5,137.5,38940000
3,139,140,138.5,139,28226000
4,137.5,139.5,137,138.5,27050000
7,138,138.5,137,138,19595000
8,138,139,137.5,138,31770000
9,136,139,136,138,39726000
10,134.5,136,134.5,135,32283000
11,135,136,134.5,135,31433000
14,136,136.5,134.5,134.5,44381000
15,133,135.5,133,134.5,41199000
16,130.5,133,130,133,70497000
17,131.5,133,131,132,50410000
18,138,138,134,134.5,44362000
21,138.5,140,137,137.5,34577000
22,137.5,140,137,139,19122000
23,138,138,136,136,16679000
24,137.5,138,137,137,7358000
25,139,139,137,138,13112000
a1419661800,138.5,139,137.5,139,4823202000
a1419831000,141,141,138,138,34993000
1,140,141.5,139,141,21789000
2,141,141,139,139,18306000
7,139.5,140.5,137.5,140.5,32046000
8,133.5,137.5,133,137.5,66778000
9,134,135,133.5,133.5,43703000
10,138,138,136,136.5,42491000
11,134,135.5,133,135,61558000
14,132,133.5,132,132.5,30338000
15,132.5,133,130.5,131,37818000
16,130,133,130,132.5,48740000
17,131.5,133,131.5,131.5,40607000
18,137,140,136,140,124042000
21,139,139.5,137.5,138.5,49986000
22,138,139,137.5,139,32739000
23,141,141,139.5,139.5,70464000
24,140,142,139.5,141.5,43846000
25,145,145,142.5,142.5,82089000
28,145,145.5,143.5,145.5,46716000
29,147,147,144.5,145.5,52805000
30,146.5,147,145.5,146.5,45898000
31,143.5,145,143,144,34459000
32,141,145.5,141,145,43666000
35,142.5,143,140.5,140.5,29181000
36,144.5,144.5,142,143,27160000
37,146,146.5,144,144.5,40416000
38,145.5,146,143.5,145.5,23363000
39,143,145.5,143,145.5,27301000
42,142,143.5,141.5,143,26315000
43,142.5,143,141.5,142,33294000
44,148,149,146,146,71259000
45,148.5,149.5,147.5,149.5,33577000
46,148.5,150,148,148.5,37815000
57,151,152,148.5,149,72531000
58,154.5,154.5,152.5,152.5,48183000
59,150.5,154,150.5,153.5,55574000
63,149,153,148.5,151.5,41388000
64,150.5,151,148.5,150,29134000
65,150.5,151.5,149,150,32627000
66,150,151,148.5,150,28872000
67,149,149.5,148.5,149,31316000
70,145.5,147.5,145,147.5,67163000
71,144,145,144,145,46809000
72,146,148,143,143.5,51795000
73,148,148.5,146.5,147,32183000
74,149,149.5,147,148,45451000
77,146,149.5,146,149,36912000
78,149,150,148.5,148.5,55718000
79,153.5,154,150,151,70808000
80,154,155,152.5,152.5,43070000
81,154,154,151.5,151.5,37536000
84,153.5,154,152.5,154,26285000
85,151.5,153.5,151.5,153.5,36086000
86,151,152.5,150.5,152,44424000
87,145.5,147,144.5,145.5,157081000
88,142.5,145.5,142.5,144,106610000
91,142.5,144,142,142.5,59832000
92,145.5,145.5,143,144,56539000
93,144,145,143.5,145,38697000
94,147,148,144.5,145,49213000
99,146,147.5,145,146.5,33362000
100,143,146,143,145.5,47500000
101,143,145.5,143,144,46493000
102,147,147,145,146,33819000
105,147,147.5,146,146.5,23821000
106,144,145.5,143.5,145,41528000
107,143,144.5,141.5,143.5,71481000
108,147,147,144.5,145,54354000
109,142.5,144,142.5,143,76708000
112,143,144,141.5,142,34341000
113,142.5,143.5,141.5,142,36209000
114,143.5,145,143,143.5,40606000
115,147,147,145,145.5,46931000
116,152.5,152.5,148.5,149,122689000
119,151.5,153,150,153,57529000
120,151.5,153.5,150.5,153.5,43177000
121,148.5,151,148,150,37363000
122,147,148.5,146.5,147,48913000
126,147.5,148.5,146,148.5,30811000
127,147,148,146,147.5,27559000
128,147.5,148,145.5,145.5,18784000
129,146.5,147.5,146,146,21826000
130,146.5,147.5,146,146,19987000
133,148.5,149,147,149,20326000
134,147.5,148.5,147,147,20509000
135,148,149,147,147.5,18844000
136,146,148.5,146,148,38700000
137,146.5,147,145,147,24295000
140,146.5,147,145,147,22879000
141,146.5,147.5,145,145.5,26257000
142,146.5,147,146,146.5,26920000
143,145.5,146.5,144.5,146,40819000
144,145.5,147,145,146,22074000
147,147.5,147.5,145.5,146.5,16253000
148,146.5,148.5,146.5,148.5,15545000
149,145,147,145,145.5,23825000
150,147,147.5,146,147,35891000
151,146,147.5,145.5,147,56616000
154,145,146,144,145.5,31570000
155,144,144.5,143.5,144.5,33317000
156,143,144.5,143,143.5,29870000
157,141,142.5,140,142,58172000
158,140,140.5,139,139.5,42648000
161,138.5,140,138.5,139.5,45469000
162,139,140,138,138.5,31575000
163,139.5,141.5,139.5,141,37077000
164,143.5,144,141,141,44613000
165,144.5,144.5,142.5,144,31448000
168,143,144.5,142.5,144.5,23608000
169,142,143,141,143,27272000
170,142.5,143.5,142,143,31326000
171,142,143,142,142,28591000
175,142,143.5,142,142,28278000
176,144.5,145,142.5,143,37230000
177,145,145,143.5,144.5,18555000
178,146.5,147,145,145,43496000
179,146,147.5,145.5,147,33561000
182,138.5,141,138.5,140.5,53014000
183,140.5,140.5,138.5,139,45261000
184,141,142.5,139,140,32546000
185,141.5,142,140.5,140.5,23908000
186,142.5,142.5,140,141.5,16093000
189,140.5,141.5,140.5,141,20617000
190,140.5,142,140.5,141,26349000
191,138,141,138,140.5,51986000
192,136.5,138,134,134,53233000
196,138.5,139.5,137,137,34518000
197,138.5,140.5,138,139.5,27536000
198,138.5,139.5,138,139,23295000
199,136.5,140,135.5,140,36999000
200,140,140,138,138,55781000
203,139,142,138.5,141.5,27655000
204,140.5,141.5,139.5,141,19431000
205,139,139.5,138,139,24620000
206,136,137.5,136,137,36389000
207,137,138,136,138,38194000
210,134,135.5,134,135,43371000
211,134,136.5,134,135,34219000
212,135.5,136,134.5,135,29871000
213,138.5,139,136,136,36097000
214,139.5,140.5,137.5,140.5,39992000
217,134.5,138.5,134.5,138.5,33631000
218,136.5,136.5,134.5,135,26546000
219,134,135.5,134,135.5,28491000
220,134,136,132,136,38414000
221,133,133.5,131.5,133,30554000
224,129,131,125.5,131,63646000
225,130.5,133.5,130.5,133.5,64344000
226,128.5,130,127.5,129.5,41642000
227,128,130,127.5,129,35943000
228,126,128.5,125,128,39413000
231,124,125.5,123,125.5,37847000
232,126,126.5,125,125,40722000
233,125,127.5,124,127.5,41301000
234,126,126,123.5,124.5,38012000
235,121,124.5,121,123,59694000
238,115,121,112.5,120,116158000
239,123.5,124,117.5,118,94960000
240,122.5,124.5,119.5,121,64879000
241,124,125,122,125,53388000
242,125,127,124.5,127,41466000
245,129,129,123.5,126,56941000
246,124,127.5,124,127.5,42340000
247,125.5,127,123,123,36973000
248,127,127.5,125,127.5,24004000
249,125,127,123.5,126.5,22006000
252,122.5,126,122,124.5,25891000
253,123,123.5,122,122.5,15090000
254,129,129,126.5,126.5,53588000
255,125,128,125,127,32912000
256,127.5,127.5,124,125.5,20525000
259,127.5,129,126,128,25508000
260,126,128,125.5,127.5,21658000
261,129.5,130,127.5,128,39923000
262,131,131.5,130,130.5,49472000
263,131.5,131.5,129,129.5,31937000
266,129.5,130,128.5,130,29930000
267,129,130,128.5,130,17636000
268,124.5,127.5,124.5,127,32905000
269,127,128,125.5,127,43432000
270,127,127.5,125,127,24630000
275,130,131,127,128,67112000
276,133.5,134,129.5,131,49600000
277,132,132.5,131.5,132.5,25216000
280,132.5,133.5,131.5,133,30276000
281,133,135.5,132.5,135,48613000
282,135,135,133,133.5,31784000
283,136,137,135,137,31144000
287,138.5,139,136.5,137,46971000
288,137.5,138.5,136,138.5,36108000
289,136.5,137.5,136,136.5,18007000
290,140,141,139,139,57142000
291,137.5,137.5,136,137,36196000
294,138,139,137,138.5,26150000
295,139,139,137.5,139,27462000
296,138.5,140,137.5,139.5,17976000
297,137.5,138.5,137,138,15149000
298,140,140.5,139,140,35644000
301,140,140.5,139,140.5,24382000
302,139,140,137.5,138.5,26012000
303,138,139,137,137,22522000
304,136.5,139.5,136.5,139,20428000
305,136.5,137.5,136,137,27844000
308,137.5,138.5,135.5,138.5,21663000
309,139.5,140,138,138.5,33082000
310,144.5,144.5,141,141.5,75144000
311,142.5,144.5,142.5,144,35773000
312,140,144,139,144,45683000
315,142,143,140.5,141,24833000
316,139.5,141.5,139,141.5,23307000
317,137.5,140.5,136.5,140.5,29412000
318,138.5,139,138,138.5,16474000
319,136,139,136,137.5,21639000
322,135,135.5,134,134,32110000
323,138.5,140,137.5,138,28188000
324,137,140,136.5,139.5,29074000
325,140.5,140.5,138,138.5,27426000
326,141,141,140,140.5,20271000
329,141,141.5,140,141,17170000
330,139.5,141.5,139.5,140,21843000
331,141,141,138.5,139.5,27099000
332,142.5,142.5,140,141,31976000
333,139,143,139,143,23135000
336,139,139,136,136.5,108490000
337,142.5,142.5,138.5,140.5,46117000
338,142.5,144,142,144,31609000
339,142.5,143,141.5,141.5,18825000
340,140.5,142.5,140.5,141,30869000
