EXCHANGE%3DTPE
MARKET_OPEN_MINUTE=540
MARKET_CLOSE_MINUTE=810
INTERVAL=86400
COLUMNS=DATE,CLOSE,HIGH,LOW,OPEN,VOLUME
DATA=
TIMEZONE_OFFSET=480
a1133933400,6329.52,6370.82,6290.6,6362.51,0
1,6249.19,6316.58,6223.35,6302.08,0
2,6264.36,6274.04,6233.23,6269.94,0
5,6266.29,6272.61,6206.83,6272.61,0
6,6261.18,6282.23,6242.41,6268.91,0
7,6235.35,6280.52,6227.35,6272.48,0
8,6258.47,6259.21,6227.25,6240.37,0
9,6350.69,6375.33,6293.41,6293.41,0
12,6431.42,6439.2,6374.49,6386.36,0
13,6427.84,6443.89,6413.46,6428.25,0
14,6471.89,6481.56,6427.86,6442.32,0
15,6417.2,6504.09,6417.2,6501.37,0
16,6512.63,6516.11,6426.23,6450.65,0
19,6534.77,6573.97,6530.76,6565.67,0
20,6531.59,6570.42,6505.46,6539.29,0
21,6524.4,6530.02,6479.34,6492.8,0
22,6575.53,6600.12,6546.75,6549.72,0
23,6548.34,6600.17,6548.34,6589.84,0
26,6462.06,6492.92,6424.03,6457.61,0
27,6591.77,6591.77,6457.09,6476.2,0
28,6616.44,6670.96,6579.66,6658.32,0
29,6709.87,6717.12,6666.84,6669.8,0
30,6694.82,6761.01,6676.65,6757.41,0
33,6742.39,6763.86,6708.59,6752.09,0
34,6707.4,6751.56,6678.84,6751.56,0
35,6735.89,6741.92,6650.61,6702.47,0
36,6725.61,6797.2,6725.57,6782.15,0
37,6682.35,6729.58,6669.64,6729.58,0
40,6724.18,6733.52,6664.8,6680.88,0
41,6711.04,6775.73,6711.04,6752.24,0
42,6498.92,6629.44,6467.73,6620.77,0
43,6512.29,6545.89,6442.78,6514.71,0
44,6486.63,6571.64,6475.3,6571.64,0
47,6381.97,6417.72,6373.63,6385.88,0
48,6451.94,6478.5,6418.58,6418.58,0
49,6532.18,6536.89,6477.34,6500.63,0
58,6594.6,6626.43,6547.17,6592.19,0
61,6719.96,6719.96,6530.8,6568.35,0
62,6720.08,6747.43,6681.53,6692.42,0
63,6624.11,6715.18,6623.23,6712.87,0
64,6630.13,6700.86,6620.32,6696.65,0
65,6594.92,6652.33,6574.01,6652.33,0
68,6562.29,6623.55,6557.76,6591.99,0
69,6612.97,6613.86,6540.71,6553.28,0
70,6598.49,6659.52,6592.94,6628.98,0
71,6683.93,6701.74,6647.03,6661.3,0
72,6673.75,6726.73,6665.63,6723.66,0
75,6686.55,6697.31,6631.81,6652.55,0
76,6631.51,6717.53,6631.51,6708.21,0
77,6530.7,6650.71,6503.7,6634.83,0
78,6474.69,6528.5,6466.21,6523.85,0
79,6538.22,6538.22,6473.8,6474.05,0
82,6561.63,6567.91,6481.99,6496.55,0
84,6613.39,6636.92,6518,6518,0
85,6642.96,6685.45,6637.9,6678.46,0
86,6553.66,6659.44,6543.43,6643.79,0
89,6575.78,6582.21,6531.5,6547.73,0
90,6494.15,6557.15,6494.15,6553.97,0
91,6459.57,6521.27,6436.14,6487.07,0
92,6486.47,6505.56,6465.23,6476.96,0
93,6490.68,6528.56,6473.18,6492.04,0
96,6544.63,6551.13,6502.51,6520.36,0
97,6460.01,6545.12,6444.14,6532.25,0
98,6518.7,6534.61,6478.71,6516.14,0
99,6504.98,6594.18,6504.98,6528.14,0
100,6528.57,6530.43,6471.71,6507.55,0
103,6516.52,6569.53,6510.58,6554.18,0
104,6458.03,6536.01,6458.03,6525.3,0
105,6391.26,6441.27,6387.36,6419.46,0
106,6364.6,6418.48,6344.73,6412.66,0
107,6376.62,6401.62,6351.89,6366.96,0
110,6421.85,6430.23,6399.08,6408.2,0
111,6453.85,6469.67,6424.94,6433.23,0
112,6498.03,6498.03,6444.4,6447.7,0
113,6546.06,6559.21,6504.75,6540.81,0
114,6613.97,6632.63,6564.86,6564.86,0
117,6660.76,6672.11,6615.98,6627.32,0
118,6665.6,6684.1,6651.96,6679.82,0
120,6760.82,6760.82,6710.68,6724.97,0
121,6781.94,6802.94,6722.39,6758.82,0
124,6780.64,6815.73,6758.07,6759.38,0
125,6757.17,6775.65,6723.23,6772.96,0
126,6808.5,6813.66,6709.83,6710.62,0
127,6855.74,6868.74,6828.95,6850.19,0
128,6952.54,6952.54,6876.47,6888.18,0
131,7000.09,7015.91,6950.58,6982.47,0
132,6989.46,7007.45,6918.46,7007.45,0
133,7038.78,7093.43,7038.78,7073.32,0
134,7102.74,7107.68,7030.89,7061.38,0
135,7093.05,7160.74,7092.93,7130.68,0
138,7096.04,7141.29,7057.19,7066.19,0
139,7059.94,7166.47,7052.9,7125.9,0
140,7168.98,7173.56,7047.96,7080.62,0
141,7136.21,7229.35,7136.21,7203.75,0
142,7171.77,7184.37,7103.87,7172.31,0
146,7199.6,7217.37,7141.91,7174.93,0
147,7242.37,7265.17,7233.84,7242.04,0
148,7345.04,7351.87,7278.49,7280.82,0
149,7370.44,7455.83,7355.42,7409.65,0
152,7474.05,7474.05,7401.99,7438.41,0
153,7388.94,7476.07,7364.19,7470.01,0
154,7324.71,7426.37,7272.39,7398.27,0
155,7361.45,7361.45,7254.97,7271.75,0
156,7278.96,7326.48,7267.79,7269.92,0
159,7176.35,7240.92,7167.03,7225.8,0
160,7069.9,7202.9,7069.9,7202.35,0
161,7116.83,7144.28,7057.99,7116.75,0
162,7034.03,7045.87,6987.65,6989.48,0
163,7074.15,7097.27,7010.69,7040.42,0
166,6938.26,7112.42,6938.26,7111.42,0
167,6843.98,6909.58,6833.98,6874.09,0
168,6877.01,6932.28,6791.11,6904.28,0
169,6861.65,6914.45,6842.92,6892.27,0
170,6879.51,6976.33,6856.55,6951.76,0
173,6878.88,6919.96,6864.76,6913.1,0
174,6846.95,6912.95,6829.4,6910.3,0
176,6872.84,6922.34,6868.42,6874.66,0
177,6959.64,6967.09,6885.39,6951.42,0
180,6715.27,6967.38,6700.47,6956.77,0
181,6730.27,6738.78,6621.17,6684.58,0
182,6612.74,6699.54,6612.74,6691.5,0
183,6331.81,6564.1,6331.81,6562.1,0
184,6444.63,6451.17,6268.92,6389.98,0
187,6442.9,6443.21,6339.24,6384.32,0
188,6337.21,6401.55,6328.38,6349.09,0
189,6469.01,6494.92,6340.28,6343.66,0
190,6426.39,6535.13,6418.77,6531.81,0
191,6575.77,6629.33,6550.13,6589.7,0
194,6583.04,6603.98,6541.33,6576.55,0
195,6363.55,6552.17,6324.69,6536.11,0
196,6299.59,6399.22,6290.63,6354.43,0
197,6485.15,6487.91,6397.13,6427.71,0
198,6452.31,6462.91,6362.23,6432.46,0
201,6523.68,6548.94,6448.51,6464.4,0
202,6572.39,6622.81,6513.03,6520.77,0
203,6540.93,6540.93,6481.65,6500.38,0
204,6607.39,6623.39,6574.4,6578.58,0
205,6704.41,6731.07,6682.38,6731.07,0
208,6718.5,6735.34,6705.25,6727.23,0
209,6734.51,6789.55,6722.39,6748.47,0
210,6659.96,6741.52,6651.55,6709.21,0
211,6659.07,6659.07,6608.49,6630.04,0
212,6660.61,6671.74,6628.46,6651.02,0
215,6682.46,6694.75,6588.55,6609.86,0
216,6639.13,6702.64,6639.13,6672.32,0
217,6634.09,6725.42,6612.34,6681.9,0
218,6567.6,6624.04,6562.54,6591.56,0
219,6428.03,6489.65,6413.92,6472.29,0
222,6257.8,6416.41,6232.49,6402.77,0
223,6285.31,6293.12,6244.15,6257.45,0
224,6277.24,6359.82,6277.24,6317.58,0
225,6443.74,6446.29,6393.89,6423.61,0
226,6420.01,6423.52,6373.59,6396.7,0
229,6359.63,6363.68,6308.72,6316.83,0
230,6390.99,6435.83,6390.99,6433.32,0
231,6376.39,6406.66,6360.11,6389.49,0
232,6459.25,6461.92,6373.11,6379.4,0
233,6480.07,6490.36,6448.37,6450.04,0
236,6454.58,6531.11,6428.26,6528.23,0
237,6441.46,6478.34,6435.93,6464.59,0
238,6471.42,6488.68,6421.78,6426.23,0
239,6462.32,6514.9,6460.03,6496.01,0
240,6442.61,6491.67,6421.55,6483.07,0
243,6416.61,6450.06,6405.09,6425.99,0
244,6502.14,6502.14,6441.16,6442.68,0
245,6573.22,6574.49,6488.59,6493.89,0
246,6578.61,6606.28,6555.28,6555.28,0
247,6571.1,6617.23,6559.27,6612.48,0
250,6611.9,6634.73,6587.36,6588.47,0
251,6615.13,6628.5,6595.35,6628.5,0
252,6696.63,6699.83,6663.07,6686.23,0
253,6733.46,6761.79,6722.58,6752.99,0
254,6721.08,6761.4,6719.75,6761.4,0
257,6505.92,6715.72,6498.18,6715.72,0
258,6590.2,6590.2,6517.28,6524.72,0
259,6556.33,6587.46,6454.71,6584.66,0
260,6550.64,6570.62,6525.36,6540.03,0
261,6526.22,6600.94,6526.22,6594.82,0
264,6444.76,6515.08,6422.38,6515.08,0
265,6479.91,6500.89,6460.67,6485.98,0
266,6587.12,6602.81,6523.68,6523.68,0
267,6611.77,6667.62,6611.77,6647.67,0
268,6651.46,6658.13,6625.23,6631.83,0
271,6750.78,6761.65,6706.51,6706.51,0
272,6734.73,6766.81,6725.58,6764.95,0
273,6688.4,6747.98,6661.56,6712.8,0
274,6685.23,6689.2,6630.25,6638.79,0
275,6693.11,6718.83,6654.77,6664.11,0
278,6693.88,6802.84,6674.55,6714.36,0
279,6625.73,6698.38,6620.71,6698.38,0
280,6664.87,6690.29,6631.97,6687.71,0
281,6598.87,6691.51,6550.03,6687.57,0
282,6681.09,6681.09,6575.87,6585.03,0
285,6882.48,6886.3,6775.12,6784.77,0
286,6881.87,6915.08,6858.85,6897.59,0
287,6877.77,6890.63,6839.69,6850.4,0
288,6889.89,6938.93,6862.28,6924.37,0
289,6885.6,6890.9,6854.02,6872.26,0
292,6911.21,6921.36,6844.33,6879.68,0
293,6901.75,6958.79,6899.37,6945.04,0
294,6946.27,6961.71,6926.72,6957.08,0
295,6885.12,6961.92,6858.03,6955.6,0
296,6883.05,6903.72,6860.52,6887.39,0
299,6960.95,6961.78,6907.43,6907.43,0
300,6956.88,6976.62,6935.8,6942.07,0
301,6874.98,6980.67,6874.98,6967.77,0
302,6997.24,7004.42,6926.73,6955.74,0
308,7006.67,7022.49,6984.45,6984.45,0
309,6984.58,7039.93,6983.46,7032.76,0
310,7068.8,7096.51,7046.65,7060.19,0
313,7151.42,7159.85,7099.11,7102.97,464156172
314,7075.13,7133.85,7070.3,7133.85,0
315,7017.6,7035.45,6980.07,7021.96,0
316,6995.83,7045.99,6986.85,7000.68,0
317,7039.37,7048.09,7021.34,7029.65,0
320,7040.26,7043.48,7008.13,7041.7,0
321,7097.42,7120.24,7070.17,7075.81,0
322,7059.89,7110.93,7059.89,7099.94,0
323,7080.84,7119.55,7080.84,7083.15,0
324,7086.74,7132.29,7082.68,7112.54,0
327,6995.2,7050.05,6995.1,7050.05,0
328,7021.32,7025.21,7004.15,7020.35,0
329,7013.99,7058.69,7013.99,7036.07,0
330,7078.1,7089.7,7005.13,7008.42,0
331,7161.61,7186.98,7079.71,7079.71,274765380
334,7120.44,7160.66,7036.89,7036.89,0
335,7184.65,7219.06,7180.75,7198.9,287144055
336,7178.34,7207.33,7176.66,7200.77,0
337,7151.13,7242.45,7146.72,7209.9,1249095513
338,7174.2,7176.06,7130.57,7159.8,0
341,7136.06,7191.09,7136.06,7182.78,0
342,7204.04,7216.64,7168.85,7185.66,629874109
343,7236.85,7269.01,7229.02,7254.47,652445513
344,7257.48,7290.25,7240.25,7272.5,428107562
345,7259.54,7287.91,7251.65,7282.38,65785922
348,7261.48,7270.28,7228.97,7266.4,0
349,7309.69,7320.06,7245.42,7258.63,0
350,7348.77,7350.63,7314.36,7330.01,332372894
351,7384.69,7430.9,7368.01,7371.3,937470345
352,7427.36,7427.36,7366.08,7394.75,225177545
355,7498.15,7506.07,7463.88,7494.59,1340966498
356,7444.94,7483.43,7444.94,7447.67,0
357,7474.19,7513.51,7431.87,7476.54,1012457445
358,7567.72,7567.72,7500.24,7527.47,1461436003
359,7613.57,7621.81,7557.62,7587.51,1991422341
362,7647.01,7659.84,7590.92,7622.09,1799833552
363,7609.9,7703.25,7575.14,7700.15,1895352319
364,7693.33,7697.24,7620.98,7634.79,404121391
365,7686.52,7716.85,7669.22,7697.12,809289351
366,7636.3,7658.04,7601.3,7658.04,120374021
369,7612.12,7635.72,7582.62,7635.69,0
370,7458.56,7604.75,7441.01,7604.75,765814133
371,7450.3,7494.49,7369.09,7480.04,326022825
372,7480.41,7492.3,7428.38,7456.31,0
373,7538.82,7568.02,7531.48,7546.81,27651608
376,7624.62,7648.06,7561.88,7568.82,12994985
377,7598.88,7648.76,7598.88,7624.75,353760673
378,7648.35,7661.94,7614.71,7627.94,588063151
379,7620.94,7685.88,7614.45,7655.64,452830274
380,7652.47,7660.33,7621.48,7636.73,0
383,7646.81,7667.44,7635.16,7658.05,0
384,7727.59,7749.46,7668.92,7668.92,842657426
385,7733.18,7790.31,7733.18,7761.09,873448185
386,7732.93,7782.42,7720.29,7777.86,245042704
387,7823.72,7823.72,7747.62,7747.62,653860483
391,7920.8,7937.26,7843.6,7871.41,1443725542
392,7917.3,7999.42,7917.3,7954.96,1679292089
393,7934.51,7955.9,7901.24,7929.89,1452789233
394,7835.57,7942.23,7821.71,7940.2,907802571
397,7736.71,7797.57,7736.11,7778.57,19377443
398,7790.01,7827.93,7778.38,7778.38,238414368
399,7698.52,7748.79,7682.82,7737.25,874891916
400,7618.55,7748.96,7599.55,7724.1,1456992843
401,7761.71,7769.31,7704.39,7713.63,203611878
404,7783.5,7814.85,7741.49,7809.91,0
405,7792.08,7831.2,7780.65,7792.77,0
406,7833.98,7841.26,7747.58,7757.8,0
407,7895.18,7896.95,7830.23,7852.26,0
408,7840.08,7892.61,7840.08,7859.47,108415531
411,7842.47,7871.01,7784.21,7866.17,20719986
412,7852.36,7869.55,7818.58,7837.44,0
413,7935.54,7949.48,7916.39,7943.24,214645400
414,7923.77,7990.55,7917.65,7982.64,61836907
415,7821.32,7883.5,7793.91,7825.75,0
418,7751.79,7837.77,7746.37,7831.57,0
419,7739.91,7778.24,7725.41,7763.53,0
420,7699.64,7778.69,7637.54,7759.79,0
421,7701.54,7757.63,7679.78,7751.3,0
422,7777.03,7801.63,7751.53,7754.16,0
425,7783.12,7823.94,7772.05,7786.77,0
426,7875.75,7875.75,7802.94,7816.3,0
427,7850.06,7894.77,7850.06,7894.77,0
428,7842.22,7884.73,7790.63,7875.52,0
429,7859.53,7884.55,7822.53,7847.18,0
432,7776.36,7826.46,7764.51,7826.46,0
433,7736.83,7800.87,7725.81,7782.07,0
434,7809.45,7812.18,7764.31,7800.98,0
446,7900.2,7950.2,7899.55,7939.4,0
447,7901.96,7939.5,7881.92,7908.79,0
449,7678.67,7761.4,7663.17,7707.63,0
450,7670.77,7695.15,7625.99,7653.35,0
453,7344.56,7565.95,7306.07,7565.95,263263393
454,7495.72,7516.21,7372.9,7372.9,0
455,7480.89,7519.46,7449.67,7496.92,0
456,7573.87,7573.87,7510.44,7517.77,0
457,7568.2,7619.35,7550.83,7615.81,0
460,7629.15,7640.14,7590.82,7611.15,0
461,7684,7694.59,7661.76,7664.7,0
462,7570.27,7575.52,7526.48,7552.73,0
463,7695.96,7708.98,7631.67,7631.67,0
464,7719.8,7743.37,7676.39,7707.15,12045974
467,7737.46,7759.66,7713.78,7739.56,0
468,7736.2,7798.27,7736.2,7784.27,0
469,7757.03,7784.19,7746.35,7780.3,0
470,7823.67,7856.99,7822.63,7843.64,0
471,7859.32,7879.09,7806.89,7834.62,0
474,7877.82,7887.33,7853.15,7878.59,0
475,7845.17,7928.03,7839.22,7876.76,0
476,7788.14,7841.4,7769.3,7832.62,0
477,7848.33,7863.63,7764.05,7765.07,0
478,7884.41,7888.82,7839.91,7877.75,0
481,7884.99,7931.99,7866.59,7888.17,221243933
482,7932.91,7932.91,7879.88,7894.87,237076641
483,8004.61,8021.59,7970.46,7989.65,718896933
488,8056.56,8066.77,8026.33,8048.34,500843713
489,8048.39,8064.54,8002.49,8064.54,364603332
490,8084.45,8105.82,8055.67,8073.67,22105935
491,8075.2,8090.94,8039.13,8043.78,0
492,8002.3,8108.5,7999.69,8100.08,275162907
495,8043.54,8096.84,8030.5,8088.83,224142097
496,7959.29,8100.61,7952.18,8100.61,1290298590
497,8003.31,8003.31,7946.35,7981.36,0
498,7888.63,7991.69,7883.92,7978.59,151024701
499,7942.67,7945.7,7912.49,7915.91,0
502,8010.46,8062.7,8006.42,8012.24,0
503,8045.01,8051.67,7998.22,8011.81,0
504,7984.65,8041.27,7984.65,8035.74,0
505,8000.04,8052.55,8000.04,8046.72,0
506,7949.42,8026.51,7949.42,8019.49,0
509,7875.42,7956.03,7843.05,7956.03,0
511,7903.04,7951.69,7890.54,7900.76,0
512,7926.66,7965.93,7861.43,7954.16,4189477
513,8066.06,8066.06,7990.97,7990.97,0
516,8115.27,8132.8,8095.04,8122.2,0
517,8095.84,8113.31,8083.18,8111.51,0
518,8052.7,8093.51,8043.46,8092.1,0
519,8096.86,8105.09,8071.5,8094.72,0
520,8031.54,8049.5,8018.64,8026.36,0
523,8030.56,8072.15,8013.83,8072.15,0
524,7975.03,8041.55,7968.92,8022.58,0
525,7988.57,8014.88,7978.25,7988.97,0
526,8037.96,8080.63,8029.6,8029.6,0
527,8034.14,8075.21,8013.89,8066.01,0
530,8141.59,8159.26,8043.9,8067.23,0
531,8188.63,8205.89,8158.29,8158.99,0
532,8221.79,8256.25,8214.58,8232.53,0
533,8216.41,8249.48,8207.96,8231.65,0
534,8159.97,8170.58,8130.17,8170.58,0
537,8156.82,8201.65,8154.22,8194.83,0
538,8181.49,8229.44,8166.46,8178.7,0
539,8147.34,8177.76,8110.28,8163.81,0
540,8144.95,8220.81,8144.95,8204.72,0
541,8249.9,8261.67,8224.28,8236.76,0
544,8294.79,8317.6,8282.79,8310.09,0
545,8303.99,8321.42,8267.59,8321.42,31705363
547,8355.26,8368.56,8263.61,8298.97,0
548,8300.71,8308.45,8279.96,8288.26,0
551,8338.88,8359.75,8328.61,8351.03,15061942
552,8370.26,8396.22,8345.01,8371.7,505157730
553,8346.39,8388.49,8336.53,8388.49,122403546
554,8450.72,8476.13,8409,8421.21,581846527
555,8573.64,8578.33,8511.07,8519.38,1006767752
560,8755.88,8761.88,8636.47,8651.26,2060783297
561,8851.99,8871.72,8722.15,8789.09,1311835109
562,8846.39,8884.03,8799.29,8879.99,1719078005
565,8939.19,8985.93,8882.3,8882.3,0
566,8865.75,8983.96,8856.29,8965.82,1436566855
567,8844.22,8887.88,8820.68,8862.29,949696431
568,8892.83,8914.69,8841.96,8914.69,1427578800
569,8883.21,8932.95,8849.04,8932.18,1211884815
572,8939.49,8939.49,8849.35,8903.77,1195231968
573,8996.2,9019.93,8977.09,8983.24,0
574,9068.98,9112.74,9034.5,9069.32,0
575,9148.78,9148.78,9086.19,9114.06,0
576,9188.31,9199.66,9118.26,9169.56,0
579,9369.84,9369.84,9239.2,9246.44,0
580,9384.73,9404.76,9306.62,9404.76,0
581,9290.95,9341.32,9263.26,9322.69,0
582,9354.41,9400.37,9316.91,9346.95,0
583,9471.3,9540.35,9411.04,9530.72,0
586,9417.32,9539.2,9403.73,9514.09,125299327
587,9509.73,9513.95,9337.67,9444.87,0
588,9485.35,9574.69,9482.55,9512.39,759172805
589,9473.31,9529.35,9441.79,9449.72,184527696
590,9585.9,9585.9,9487.95,9537.24,0
593,9621.57,9637.18,9563.72,9576.06,0
594,9744.06,9745.32,9643.27,9674.24,692614059
595,9740.13,9763.26,9656.04,9683.97,0
596,9566.42,9807.91,9566.42,9793.76,1852972144
597,9162.28,9376.95,9162.28,9244.62,826723495
600,9072.57,9136.45,8996.81,9037.35,0
601,9287.25,9307.81,9173.48,9211.8,0
602,8891.88,9265.7,8891.88,9188.6,0
603,8950.57,9080.07,8727.64,9076.11,0
604,9057.82,9134.6,9025.7,9104.34,1570533660
607,8941.73,8960.75,8856.91,8865.58,363726230
608,8862.31,9068.83,8862.31,9068.04,611086946
609,9099.46,9099.46,8938.54,8961.12,599121793
610,9182.6,9219.02,9140.47,9213.47,1433341129
611,8931.31,8969.31,8870.27,8870.27,1264026083
614,8938.96,9030.93,8913.4,9030.82,786316745
615,8910.99,9023.26,8840.26,8952.54,488111545
616,8593.04,8808.59,8561.02,8782.05,1370793278
617,8201.37,8438.08,8166.08,8397.24,1648563510
618,8090.29,8307.37,7987.61,8209.91,1726985714
621,8515.6,8516.75,8397.26,8496.97,52020705
622,8479.08,8586.73,8424.01,8542.13,350785670
623,8493.46,8512.45,8432.32,8487.24,0
624,8732.84,8735.1,8686.06,8699.4,768469615
625,8690.09,8741.64,8668.05,8727.09,0
628,8718.31,8849.96,8704.59,8849.96,0
629,8727.55,8753.39,8672.81,8697.15,0
630,8643.32,8643.32,8514.47,8514.47,0
631,8771.21,8825.92,8750.62,8782.35,682710169
632,8982.16,8982.16,8785.7,8807.7,746472705
635,8979.96,9019.41,8947.06,9018.89,452523243
636,8922.98,9027.77,8883.87,9019.61,111156979
637,8913.85,9026.3,8902.14,9017.51,0
638,9017.08,9017.08,8841.64,8896.67,0
639,9018.08,9078.47,9000.95,9056.14,0
642,8937.58,8953.45,8906.09,8931.63,0
643,9003.12,9017.3,8953.37,8981.34,0
644,9018.12,9084.97,9011.26,9078.09,69232786
645,8927.42,9062.31,8924.62,9062.31,0
646,9031.63,9046.51,8952.88,8995.53,0
649,8899.91,9044.37,8874.71,9039.28,0
651,8926.38,9090.9,8900.8,9090.9,1646727203
652,8983.03,9109.52,8950.62,8987.52,392554412
653,9105.28,9105.28,8994.01,9018.68,753672313
658,9257.47,9269.62,9178.77,9180.93,1148769179
659,9413.65,9413.65,9291.72,9337.04,1816521778
660,9411.95,9474.05,9411.95,9447.33,1286645161
663,9488.5,9555.07,9474.4,9523.98,1897068697
664,9623.25,9642.95,9587.7,9622.3,0
665,9700.07,9783.75,9618.14,9650.03,0
666,9627.39,9676.35,9574.01,9663.53,733853207
667,9617.26,9670.13,9565,9645.63,295338466
670,9717.17,9744.97,9683.14,9736.93,772804988
671,9639.83,9743.61,9591.94,9743.61,772804988
673,9697.67,9729.47,9661.23,9707.93,986534194
674,9496.47,9731.16,9490.01,9677.33,1468708322
677,9518.45,9577.04,9431.66,9565.36,142366643
678,9592.47,9618.03,9461.27,9468.88,857309500
679,9562.16,9616.26,9492.89,9582.19,276269634
680,9637.07,9667.07,9574.96,9605.49,1273724506
681,9611.72,9673.96,9609.58,9666.58,409198109
684,9360.63,9381.65,9275.72,9278.89,563863862
685,9502.39,9512.56,9419.54,9419.54,453042752
686,9442.62,9640.49,9442.62,9593.2,414049431
687,9568.26,9573.29,9503.83,9546.85,399157343
688,9631.51,9661.94,9573,9637.49,684751247
691,9809.88,9822.37,9735.43,9743.73,1733391178
692,9757.93,9859.65,9727.58,9854.27,1198845786
693,9711.37,9787.9,9664.64,9777.58,1365434668
694,9598.23,9785.75,9556.22,9780.59,1881703716
695,9273.09,9433.07,9248.34,9373.41,1625224224
698,9308.6,9313.85,9129.49,9251.86,767255147
699,9292.8,9368.46,9278.01,9324.61,286636635
700,9300.22,9437.43,9300.22,9437.43,754358085
701,8937.58,9105.63,8890.1,9096.03,1604424166
702,8970.92,9016.73,8853.81,8962.24,922879560
705,8670.61,8765.51,8626.58,8755.37,662127553
706,8727.21,8742.41,8599.39,8673.2,437552830
707,8942.93,8993.89,8940.96,8965.66,551682467
708,8905.41,8962.21,8897.89,8920.03,0
709,8764.82,8790.57,8678.55,8767.21,0
712,8680.71,8838.28,8680.71,8818.42,0
713,8680.86,8680.86,8372.05,8483.61,524240229
714,8484.11,8704.08,8484.11,8676.96,6359529
715,8499.37,8573.74,8390.85,8431.03,0
716,8342.2,8559.05,8342.2,8550.7,0
719,8528.33,8534.27,8407.34,8462.93,0
720,8375.76,8454.36,8207.97,8319.69,0
721,8276.26,8440.12,8276.26,8429.09,0
722,8447.03,8481.45,8376.09,8454.57,0
723,8586.4,8590.63,8499.23,8499.23,303548009
726,8583.84,8645.62,8565.08,8623.12,0
727,8651.28,8656.89,8557,8557.32,0
728,8676.95,8705.87,8601.13,8626.52,0
729,8694.41,8797.61,8654.86,8784.69,54531657
730,8722.38,8804.93,8722.38,8774.57,0
733,8598.03,8706.58,8594.95,8700.48,0
734,8638.33,8659.36,8569.54,8648.88,0
735,8490.84,8554.12,8451.65,8495.59,0
736,8187.95,8522.14,8187.95,8485.56,549773169
737,8118.08,8202.94,7922.66,8186.25,736089090
740,7830.85,8092.96,7830.85,8041.6,0
741,7807.39,7913.88,7664.62,7730.79,814778629
742,8014.31,8020.39,7865.48,7881.01,0
743,7857.08,8048,7840.71,8044.17,0
744,7941.44,8006.56,7810.27,7903.14,0
747,8135.48,8135.48,8061.31,8074.44,0
748,8167.07,8181.61,8119.85,8166.18,0
749,8156.39,8173.9,8071.63,8125.45,0
750,8313.72,8355.28,8169.19,8169.19,78233671
751,8396.95,8460.18,8269.32,8269.32,50669695
754,8506.28,8506.28,8414.79,8450.32,0
756,8323.05,8532.92,8319.58,8491.57,0
757,8184.2,8243.93,8130.41,8171.68,0
758,8221.1,8247.18,8097.85,8134.04,338462999
761,7883.37,8015.93,7883.37,7959.92,255054447
762,7962.91,8011.07,7895.78,7909.26,343589500
763,8085.06,8085.06,7818.31,7842.16,398236003
764,8057.27,8177.13,8057.27,8153.08,204955376
765,8029.31,8151.95,8026.34,8134.11,0
768,8173.41,8260.88,8097.68,8254,1829271479
769,8428.84,8546.2,8312.02,8316.24,0
770,8179.54,8375.06,8179.54,8286.31,0
771,8101.63,8300.29,8004.47,8245.19,2112543737
772,8184.65,8184.65,7883.91,7934.86,1707132112
775,8110.2,8220.63,8099.59,8167.48,1237258494
776,7581.96,7741.99,7566.75,7595.17,387293695
777,7408.4,7708.27,7384.61,7708.27,1410470861
778,7517.05,7653.08,7412.97,7639.23,1051272308
779,7739.59,7739.59,7648.29,7648.29,374023203
782,7485.79,7705.61,7478.2,7678.81,0
783,7576.42,7603.38,7447.44,7593.71,0
784,7543.5,7667.07,7507.52,7604.29,0
785,7521.13,7579.43,7400.74,7528.18,59350167
786,7673.99,7706.03,7583.65,7613.58,0
797,7553.3,7619.98,7530.37,7568.3,0
798,7550.55,7655.89,7533.6,7644.8,0
799,7865.28,7865.28,7707,7711.45,107522730
800,7876.37,7888.15,7761.93,7766.49,0
803,7890.9,7988.02,7872.71,7925.3,0
804,8024.41,8024.41,7932.79,7985.47,225025612
805,7894.47,8040.83,7855.48,8000.12,0
806,8085.93,8085.93,7972.13,7982.35,309494087
807,8108.71,8108.71,7986.97,8013.35,643666661
810,8286.31,8307.75,8228.92,8228.92,2050958784
811,8307.67,8386.54,8258.87,8379.55,2139356228
812,8462.08,8462.08,8362.94,8401.12,2131949012
814,8412.76,8473.71,8367.45,8367.45,1648647694
817,8262.87,8265.85,8147.27,8213.7,1090966650
818,8470.11,8471.07,8279.02,8279.02,1090966650
819,8483.95,8559.59,8439.35,8493.97,1877165730
820,8658.64,8658.64,8526.37,8559.08,2111494137
821,8531.38,8624.65,8513.24,8537.24,0
824,8299.37,8507.29,8286.57,8500.81,1908022170
825,8381.6,8381.6,8206.74,8206.74,845679255
826,8435.3,8577.85,8424.1,8577.85,507952701
827,8210.99,8447.98,8198.77,8408.46,951842246
828,8161.39,8315.23,8120.49,8293.12,0
831,8005.46,8053.08,7900.8,8041.31,284532498
832,8057.82,8082.57,7955.48,8039.29,309823502
833,8179.35,8233.47,8142.73,8215.8,0
834,8337.62,8343.38,8124.67,8151.53,551969005
835,8524.99,8539.91,8412.52,8453.56,1241238954
838,8865.35,9049.23,8781.02,9049.23,0
839,8795.09,8899.26,8761.01,8853.78,136615015
840,8768.02,8842.52,8712.39,8776.19,0
841,8605.95,8708.92,8559.1,8698.16,0
842,8623.48,8668.22,8564.03,8591.91,1857076116
845,8572.59,8627.53,8499.03,8605.9,1181332203
846,8419.72,8608.95,8419.72,8593.2,709598742
847,8605.32,8619.78,8519.67,8578.59,782931725
848,8596.34,8621.59,8555.62,8593.85,757978801
852,8729.79,8729.79,8619.99,8638.63,458729401
853,8672.85,8725.69,8672.85,8717.06,453246295
854,8667.93,8759.75,8628.62,8684.66,708544624
855,8829.4,8829.4,8681.89,8682.1,895987423
856,8909.58,8937.12,8840.04,8872.65,707322994
859,8892.68,8928.87,8839.12,8877.47,0
860,8924.78,8951.56,8885.32,8931.08,0
861,9066.04,9068.97,8981.91,9007.63,1968471854
862,9090.43,9194.86,9063.69,9185.58,0
863,9074.34,9123.07,9025.01,9092.93,0
866,9083.32,9160.1,9047.66,9156.77,2033418513
867,9037.25,9081.29,8997.02,9067.9,1876574025
868,9008.49,9079.43,8951.53,9032.61,977394918
869,8990.33,9064.15,8974.79,9025.47,1536859960
870,8947.83,9062.97,8945.22,9053.3,927315476
873,9079.6,9079.6,8953.95,8965.73,1165633073
874,8891.74,9077.77,8891.74,9056.16,860092149
875,8919.92,8962.99,8882.57,8917.62,963817821
877,8963.63,9010.71,8950.28,8998.06,816745732
880,8837.07,8976.22,8814.48,8968.54,1385486299
881,8857.37,8862.5,8782.96,8852.2,894015307
882,8926.34,8977.9,8902.19,8919.93,496528306
883,8866.62,8880.71,8806.99,8865.73,962937809
884,8792.39,8896.31,8792.39,8895.05,750829121
887,8830.05,8838.99,8754.27,8808.59,912356756
888,8989.53,8995.35,8859.24,8894.94,68026941
889,9018.42,9056.8,8994.17,9038.85,587961233
890,9157.18,9158.95,9087.95,9093.21,540058544
891,9197.41,9241.52,9171.39,9211.21,1767125866
894,9295.2,9295.2,9207.27,9249.57,2024061368
895,9068.89,9309.95,9057.31,9309.95,1413564651
896,9015.57,9079.91,8973.15,9036.57,0
897,9008.03,9008.03,8878.06,8898.94,1094541939
898,8834.73,9050.78,8834.73,9007.21,1584927702
901,8707.83,8811.07,8706.78,8808.74,1476346727
902,8778.39,8789.77,8723.72,8779.34,241946098
903,8665.73,8834.52,8665.73,8826.94,0
904,8684.92,8794.02,8675.71,8773.81,105851481
905,8619.08,8765.99,8548.32,8762.3,418864245
908,8724.47,8724.47,8631.46,8638.48,1644391108
909,8579.43,8693.48,8558.46,8664.66,0
910,8627.8,8635.94,8562.13,8594.88,0
911,8738.46,8745.9,8520.8,8649.72,0
912,8745.35,8809.33,8745.35,8802.51,0
915,8587.96,8596.23,8514.93,8522.37,0
916,8370,8602.11,8370,8581.99,0
917,8345.59,8423.42,8297.92,8402.31,0
918,8062.31,8216.43,8053.07,8212.34,0
919,8105.59,8161.64,8042.89,8119.49,641317317
922,8169.77,8227.39,8139.84,8191.22,0
923,8201.79,8203.98,8067.96,8182.35,0
924,8217.58,8253.85,8148.61,8158.64,0
925,8047.74,8107.2,8044.66,8075.26,0
926,7902.44,8088.38,7897.97,8088.38,0
929,7876.49,7916.92,7749.62,7767.59,0
930,7738.12,7928.41,7738.12,7888.75,0
931,7855.06,7855.06,7679.08,7751.12,0
932,7811.8,7904.9,7801.52,7872.56,0
933,7548.76,7586.5,7466.2,7489.97,0
936,7523.54,7604.42,7479.21,7602.51,217175781
937,7407.98,7569.18,7407.98,7528.54,0
938,7353.86,7485.28,7351.74,7386.28,0
939,7394.1,7439.47,7115.07,7190.75,0
940,7228.41,7416.25,7226.84,7405.34,697678787
943,7341.11,7343.63,7179.24,7207.92,0
944,7051.85,7274.94,7016.21,7274.94,0
945,7048.25,7225.6,7042.46,7153.68,150510863
946,7075.65,7141.02,6976.6,7028.63,357085695
947,7244.76,7258.31,7044.48,7095.76,0
950,7156.96,7270.49,7140.47,7214.21,252858154
951,6834.24,7036.42,6832.3,7022.98,0
952,6710.64,6867.73,6708.46,6846.02,38853684
953,6974.51,6976.96,6859.97,6892.35,58904806
954,6815.32,7075.5,6782.2,7075.5,288147725
957,7085.67,7097.65,6991.71,6991.71,762889713
958,7065.65,7098.68,6998.13,7029.84,0
959,7309.83,7330.83,7177.73,7194.22,0
960,7368.08,7368.08,7294.13,7357.15,722760677
961,7233.62,7234.12,7170.36,7213.32,724188310
965,7014.47,7052.58,6958.89,7052.58,0
966,7070.35,7151.33,7049.58,7147.26,0
967,7024.06,7045.82,6965.08,7045.82,0
968,7002.54,7008,6903.85,6920.75,0
971,6977.36,7010.93,6927.31,6947.25,0
972,6813.4,7005.17,6809.96,7005.17,0
973,7026.24,7026.24,6921.97,6941.5,0
974,7024.58,7082.36,6993.2,7022.28,0
975,7209.04,7216.58,7000.75,7000.75,706514292
978,7325.62,7357.69,7278.9,7313.08,467808806
979,7293.8,7337.67,7260.12,7337.67,579393
980,7292.34,7311.3,7213.11,7272.49,0
981,7326.07,7353.31,7253.63,7265.01,377939129
982,7196.5,7376.69,7181.69,7374.38,0
985,7000.74,7213.69,6996.78,7189.68,0
986,6978.6,6998.24,6849.83,6876.23,0
987,7040.9,7053.56,6898.29,6927.46,0
988,6918.48,7017.1,6918.48,6989.94,0
989,6911.64,6994.8,6837.25,6966.12,0
992,7030.72,7050.31,6935.59,6974.07,0
993,6964.6,6980.85,6917.31,6945.14,0
994,7080.97,7106.64,6929.87,6950.88,0
995,7033.37,7127.84,7025.3,7090.32,0
996,7046.11,7111.7,7021.32,7092.85,0
999,6813.09,6967.22,6801.22,6967.22,0
a1220333400,6699.82,6811.57,6675.09,6802.96,0
1,6584.93,6748.52,6552.1,6706.87,0
2,6412.63,6603.1,6384.14,6534.67,0
3,6307.28,6347.47,6211.35,6215.9,0
6,6658.69,6668.45,6548.36,6560.73,0
7,6424.77,6598.61,6407.75,6598.61,0
8,6458.01,6497.72,6396.28,6396.28,0
9,6251.95,6438.49,6249.52,6438.49,0
10,6310.68,6354.68,6171.35,6338.61,0
13,6052.45,6202.14,6020.7,6198.3,0
14,5756.59,5851.9,5724.52,5748.17,0
15,5800.87,6027.29,5747.3,5953.88,491240551
16,5641.95,5681.83,5530.19,5558.05,2535951
17,5970.38,5982.64,5858.19,5910.76,193067382
20,6110.6,6156.86,6032.16,6156.86,94026559
21,6182.21,6182.21,6011.71,6016.56,0
22,6132.6,6198.48,6100.33,6136.98,493312100
23,6060.83,6164.59,6028.77,6056.7,0
24,5929.63,6095.14,5881.58,6095.14,0
28,5719.28,5719.28,5534.72,5534.72,0
29,5764.01,5854,5727.72,5854,0
30,5703.72,5840.09,5672.39,5764.48,0
31,5742.23,5747.73,5558.35,5611.51,0
34,5505.7,5590.52,5505.7,5566.56,0
35,5524.66,5539.31,5352.08,5352.9,0
36,5206.4,5411.72,5206.4,5374.27,0
37,5130.71,5295.05,5130.71,5183.43,0
41,5020.44,5025.73,4971.36,4996.06,0
42,5291.56,5321.25,5277.3,5321.25,0
43,5246.26,5246.26,5178.68,5225.05,0
44,5075.97,5085.97,5069.07,5069.07,1771119069
45,4960.4,5024.43,4924.73,4993.79,0
48,4931.84,4931.84,4805.68,4845.31,0
49,4942.72,5045.45,4890.32,4988.85,0
50,4862.59,4955.61,4839.17,4843.71,0
51,4730.51,4730.51,4706.13,4706.13,1753282183
52,4579.62,4603.56,4579.62,4599.13,1726544957
55,4366.87,4391.95,4301.33,4301.33,0
56,4399.97,4425.9,4110.09,4160.53,81096539
57,4406.52,4622.55,4395.61,4622.55,303310672
58,4683.64,4684.11,4448.51,4448.51,0
59,4870.66,4911.8,4659.67,4707.75,495661569
62,4995.06,5010.57,4836.51,4925.74,157953444
63,4992.63,5015.12,4876,4991.25,0
64,4978.26,5095.98,4965.4,5077.01,246631630
65,4694.12,4741.14,4688.11,4699.09,0
66,4742.33,4777.23,4468.08,4468.08,0
69,4740.27,4772.32,4657.47,4711.61,0
70,4638.57,4706.18,4593.86,4652.63,0
71,4615.57,4673.33,4545.86,4587.2,0
72,4437.83,4438.82,4374.64,4425.25,0
73,4452.7,4541.35,4422.75,4537.43,0
76,4439.8,4475.93,4362.53,4362.53,0
77,4305.18,4376.28,4265.05,4366.34,0
78,4284.09,4320.85,4226.49,4266,0
79,4089.93,4191.37,4089.93,4120.51,0
80,4171.1,4194.71,3955.43,3962.69,0
83,4160.54,4172.49,4081.66,4158.76,0
84,4266.49,4323.94,4220.97,4280.43,0
85,4271.8,4315.08,4244.05,4265.65,0
86,4453.75,4472.07,4348.49,4348.49,0
87,4460.49,4476.33,4419.03,4444.37,0
90,4518.43,4567.76,4418.24,4436.12,0
91,4356.98,4356.98,4292.08,4320,0
92,4307.26,4379.25,4289.13,4346.05,0
93,4254.96,4347.66,4209.91,4347.66,0
94,4225.07,4261.32,4190.02,4213.07,0
97,4418.33,4424.09,4278.61,4278.61,0
98,4472.66,4524.38,4456.44,4479.14,279246777
99,4658.87,4658.87,4470.73,4470.73,843658570
100,4655.57,4694.4,4617.17,4665.04,1180321810
101,4481.27,4654.75,4401.05,4600.97,1047345707
104,4613.72,4676.46,4588.14,4604.5,0
105,4616.89,4616.89,4532.41,4570.52,0
106,4648.02,4725.06,4628.22,4706.23,1123612350
107,4694.81,4694.81,4625.69,4674.36,0
108,4694.52,4723.7,4622.49,4661.69,146061829
111,4535.54,4750.96,4535.54,4735.17,99766466
112,4405.86,4523.13,4359.55,4517.05,0
113,4423.09,4439.13,4325.46,4330.42,0
114,4413.45,4434.43,4385.78,4430.1,0
115,4425.08,4466.75,4396.26,4398.53,0
118,4416.16,4429.35,4381.49,4429.35,1836832327
119,4589.04,4602.21,4463.3,4463.3,0
120,4591.22,4627.98,4537.52,4627.98,0
125,4698.31,4778.52,4687.57,4725.26,0
126,4727.26,4754.88,4679.43,4719.54,61271285
127,4789.84,4817.44,4752.91,4780.44,390680249
128,4535.79,4687.4,4532.74,4670.62,0
129,4502.74,4546.71,4472.45,4515.1,0
132,4453.9,4523.01,4431.04,4487.68,0
133,4532.36,4532.36,4423.14,4442.38,0
134,4521.47,4579.24,4521.47,4538.25,0
135,4320.77,4351.47,4315.62,4350.49,0
136,4353.7,4382.43,4313.19,4374.78,0
139,4366.76,4398.53,4366.19,4389.08,2047718073
140,4242.61,4304.35,4242.61,4304.35,0
141,4247.97,4265.33,4164.19,4164.68,0
153,4259.98,4285.12,4240.08,4277.1,0
154,4372.81,4389.87,4295.26,4300.56,0
155,4389.97,4422.56,4366.41,4422.56,0
156,4363.25,4422.41,4363.25,4380.8,0
157,4471.25,4507.3,4432.16,4438.3,0
160,4494.59,4574.74,4494.59,4562.68,0
161,4526.1,4533.95,4491.84,4524.05,0
162,4575.95,4575.95,4448.24,4448.24,0
163,4466.42,4594.75,4466.42,4581.3,0
164,4592.5,4599.61,4504.71,4504.71,0
167,4591.26,4607.97,4575.98,4605.77,0
168,4491.78,4585.28,4475.17,4572.97,0
169,4498.37,4520.67,4428.29,4455.75,0
170,4528.87,4571.31,4433.43,4475.16,0
171,4436.94,4513.99,4436.94,4483.91,0
174,4477.78,4485.36,4371.02,4420.43,0
175,4430.18,4452.96,4394.76,4407.95,0
176,4493.74,4549.32,4488.07,4498.91,0
177,4518.56,4556.82,4492.7,4548.53,0
178,4557.15,4564.32,4507.39,4523.56,0
181,4425.83,4528.27,4408.51,4528.27,0
182,4435.34,4435.34,4328.05,4364.37,0
183,4541.42,4549.98,4429.51,4442.71,0
184,4637.2,4677.89,4598.8,4628.54,759438587
185,4653.63,4662.36,4597.89,4604.84,0
188,4628.24,4660.13,4578.05,4643.62,0
189,4671.02,4688.63,4605.92,4605.92,229447869
190,4759.96,4798.06,4747.89,4789.8,1435710558
191,4754.65,4794.94,4743.76,4782.21,51803209
192,4897.39,4923.57,4830.17,4844.97,1706756531
195,4971.32,4991.59,4915.4,4940.85,973402975
196,5041.39,5050.63,4954.5,4998.9,1159172526
197,5047.54,5083.55,5021.48,5074.63,1336150092
198,5035.93,5125.4,5035.82,5090.5,1905432283
199,4961.62,5069.42,4961.62,5060.25,877706841
202,5124.18,5124.18,5015.82,5022.6,274888966
203,5242.18,5264.94,5205.94,5237.78,0
204,5346.38,5365.81,5226.49,5248.78,0
205,5386.56,5422.95,5335.35,5374.77,0
206,5390.7,5468.49,5367.99,5468.49,0
209,5206.05,5362.9,5166.87,5362.9,1869662772
210,5210.84,5286.45,5194.93,5214.96,752816579
211,5314.45,5341.31,5271.83,5271.83,958118058
212,5473.78,5477.97,5401.3,5428.92,0
213,5529.63,5567.15,5482.18,5541.34,7824895
216,5556.22,5624.28,5521.88,5590.7,0
217,5576.85,5576.85,5484.89,5497.88,1745886960
218,5443.56,5608.96,5435.04,5534.58,0
219,5667.8,5667.8,5526.13,5532.99,0
220,5781.96,5788.21,5696.56,5784.9,0
223,5857.64,5861.11,5784.1,5814.17,0
224,5892.68,5898.76,5765.81,5814.42,0
225,5875.19,5904.28,5798.62,5879.86,0
226,5997.17,6025.85,5965.48,6009.67,0
227,5755.38,6071.06,5706.03,6068.55,1891234524
230,5781.66,5797.63,5648.1,5764.48,1738271467
231,5881.41,5881.41,5663.56,5665.94,1475065257
232,5886.11,5925.92,5856.13,5887.48,2048596434
233,5875.24,5903.47,5789.27,5900.45,1854592075
234,5880.77,5987.23,5824.42,5913.13,0
237,5705.05,5946.97,5672.25,5931.87,2042015583
238,5596.73,5773.53,5596.73,5744.77,1725444801
239,5614.06,5649.24,5571.93,5627.54,1009935869
240,5992.57,5995.12,5932.03,5964.03,1348076106
244,6330.4,6356.29,6256.29,6285.6,0
245,6379.94,6562.77,6326.76,6557.75,693005574
246,6566.7,6570.5,6372.94,6389.55,954876015
247,6572.87,6628.54,6455.23,6603.52,1604728814
248,6583.87,6587.62,6483.21,6510.22,0
251,6647.5,6680.97,6571.41,6581.7,0
252,6432.55,6553.69,6404.93,6550.28,0
253,6485.14,6512.07,6435.49,6449.46,1962182527
254,6364.17,6435.41,6339.47,6362.77,0
255,6489.09,6520.04,6427.63,6446.4,0
258,6577.81,6577.81,6457.14,6516.13,0
259,6655.59,6784.26,6620.53,6750.04,261203329
260,6703.62,6740.75,6590.79,6708.54,0
261,6718.81,6746.1,6650.33,6690.85,0
262,6737.29,6781.14,6650.51,6650.51,0
265,6734.46,6878.66,6708.19,6838.7,0
266,6683.11,6830.24,6649.95,6780.37,0
267,6890.44,6930.59,6743.39,6800.56,0
272,6954.1,7033.33,6892.69,7033.33,0
273,6949.08,7084.83,6899.98,7058.12,220400530
274,6893.14,6931.29,6847.76,6915,1499026711
275,6786.06,6907.87,6716.33,6887.88,1437687268
276,6767.1,6829.66,6743.15,6825.73,314915352
279,6628.02,6907.32,6628.02,6907.32,1376066254
280,6414.39,6640.44,6394.34,6636.84,1698170875
281,6462.27,6512.22,6389.94,6478.46,3557211
282,6567.37,6567.37,6353.78,6458.62,52843956
283,6448.23,6586.2,6443.86,6552.58,469758731
286,6225.56,6383.98,6188.7,6362.22,86192833
287,6220.81,6257.13,6143.24,6220.54,0
288,6195.91,6306.46,6191.58,6239.51,0
289,6144.53,6279.36,6100.08,6246.85,0
290,6231.15,6231.88,6151.51,6187.97,0
293,6341.21,6348.74,6193.09,6256.38,0
294,6197.47,6262.29,6197.47,6206.31,0
295,6380.08,6511.97,6191.63,6230.76,743235924
296,6457.61,6497.38,6404.38,6427.88,619975133
297,6463.56,6527.86,6460.91,6515.64,0
300,6391.15,6522.13,6391.15,6512.42,0
301,6432.16,6503.98,6381.42,6485.33,0
302,6578.97,6593.78,6433.69,6445.85,0
303,6667.53,6686.7,6600.91,6613.72,811799058
304,6665.4,6685.28,6607.62,6632.98,22132037
307,6649.91,6693.44,6615.9,6691.02,0
308,6715.22,6745.31,6656.89,6675.81,292974195
309,6668.14,6692.76,6629.83,6667.98,0
310,6748.18,6803.83,6696.72,6696.72,929785271
311,6769.86,6807.46,6739.05,6807.46,0
314,6530.82,6797.72,6525.9,6795.23,376178669
315,6639.41,6657.17,6568.91,6584.9,0
316,6738.6,6774.28,6651.86,6672.28,558706794
317,6780.3,6878.68,6770.51,6863.86,927282526
318,6850.99,6870.58,6791.75,6851.96,251646700
321,6938.86,6961.45,6861.02,6921.64,930023917
322,6953.34,7002.32,6904.88,6995.5,1159823121
323,6985.32,7030.13,6955.37,6979.41,1483711992
324,6980.88,7023.67,6926.27,6987.79,759761653
325,6973.28,7046.46,6950.92,7046.46,1034857931
328,7028.43,7059.46,6954.3,7008.18,0
329,7142.63,7142.63,7038.73,7038.73,1355860097
330,7083.63,7185.52,7070.72,7185.52,1694058049
331,7027.11,7068.43,6944.5,7063.47,769233953
332,7077.71,7132.11,7044.7,7111.15,1435095171
335,7056.71,7084.59,6986.29,7036.47,940045975
336,6955.87,7138.94,6921.04,7129.43,0
337,6848.24,7013.6,6827.16,6979.73,808454276
338,6868.65,6888.09,6775.87,6886.7,821737767
342,6882.87,6909.16,6836.96,6858.87,0
343,6909.02,6921.85,6812.06,6904.45,0
344,6898.9,6933.51,6864.91,6878.34,0
345,7034.96,7037.47,6931.55,6949.5,147799284
346,7069.51,7132.33,7062.49,7091.82,272887737
349,6931.8,7051.78,6931.8,7034.27,0
350,6789.77,6904.64,6746.3,6843.27,0
351,6788.58,6854.59,6786.79,6843.69,0
352,6733.23,6784.91,6647.32,6784.91,0
353,6654.8,6824.65,6629.1,6785.7,0
356,6838.25,6859.79,6762.68,6766.76,0
357,6809.41,6865.92,6800.35,6840.27,0
358,6719.21,6827.89,6663.84,6816.42,0
359,6690.75,6753.73,6658.73,6678.24,0
360,6809.86,6824.65,6711.16,6727.42,0
363,6825.95,6848.96,6760.05,6844.91,0
364,7019.75,7019.75,6807.62,6834.63,145922883
365,7039.77,7057.01,6961.01,6966.18,0
366,7104.65,7131.31,7011.36,7060.66,401736107
367,7153.13,7178.54,7121.21,7167.24,324269791
370,7224.59,7240.34,7169.4,7192.16,0
371,7313.99,7350.88,7202.69,7263.23,996120830
372,7250.72,7363.11,7250.72,7344.26,412858236
373,7332.08,7507.49,7286.82,7507.49,1440174565
374,7337.14,7355.96,7295.85,7300.01,0
377,7256.95,7350.92,7218.18,7337.04,0
378,7346.26,7362.16,7252.33,7269.9,0
379,7440.24,7457.4,7391.84,7414.96,454926116
380,7477.3,7513.73,7451.3,7502.69,997474171
381,7526.55,7526.55,7434.83,7463.39,0
384,7502.46,7558.88,7439.03,7523,131282069
385,7469.03,7526.23,7463.41,7522.83,0
386,7376.76,7534.66,7352.23,7493.98,386964554
387,7324.22,7386.99,7280.04,7372.11,0
388,7345.22,7361.93,7284.33,7298.37,0
391,7284.61,7354.8,7257.63,7332.49,0
392,7429.98,7436.29,7378.97,7385.84,0
393,7509.17,7534.55,7443.88,7456.57,0
394,7545.29,7599.62,7492.62,7581.38,696389311
395,7411.88,7483.43,7391.63,7415.16,0
398,7437.98,7437.98,7381.02,7424.24,0
399,7536.05,7566.88,7447.54,7479.51,688858295
400,7608.66,7619.03,7562.9,7617.79,1315629475
401,7503.31,7635.66,7500.32,7615.61,1404670359
402,7571.96,7597.79,7506.77,7572.79,473936386
405,7599.88,7620.17,7537.2,7620.17,0
406,7596.6,7607.41,7471.53,7484.46,521160828
407,7695.75,7700.42,7618.79,7649.07,979250530
408,7710.4,7780.66,7692.58,7778.35,1766990744
409,7715.1,7738.04,7691.39,7712.03,0
412,7751.32,7758.13,7691.21,7712.33,0
413,7753.52,7811.92,7753.52,7808.03,233165052
414,7701.5,7774.4,7675.61,7751.75,360043161
415,7607.93,7710.82,7577.89,7692.75,599341201
416,7649.28,7671.91,7614.75,7651.64,0
419,7668.4,7751.68,7658.22,7701.19,0
420,7657.34,7657.34,7586.53,7635.09,0
421,7533.95,7675.15,7533.95,7637.44,0
422,7355.69,7426.47,7233.63,7417.13,890647949
423,7340.08,7433.21,7340.08,7428.72,0
426,7335.18,7336.65,7218.89,7238.3,0
427,7322.93,7368.28,7314.97,7339.36,0
428,7467.04,7467.04,7365.26,7375.82,0
429,7417.46,7481.58,7412.74,7471.61,0
430,7463.05,7521.01,7450.68,7516.4,0
433,7536.7,7562.59,7512.5,7562.59,0
434,7593.49,7614.54,7576.28,7613.34,0
435,7668.06,7670.76,7555.83,7603.68,0
436,7670.93,7709.89,7658.6,7682.75,0
437,7665.63,7695.11,7639.57,7651.13,0
440,7792.68,7792.68,7699.32,7701.97,0
441,7733.21,7875.48,7733.21,7875.48,1322229683
442,7766.69,7803.36,7737.59,7766.68,462196297
443,7759.98,7797.41,7751.06,7767.98,217855764
444,7682.97,7741.72,7649.19,7741.72,41494769
447,7687.15,7714.7,7671.54,7694.9,0
448,7714.56,7735.91,7696.1,7723.13,0
449,7756.31,7784.28,7716.36,7718.78,67460171
450,7739.16,7818,7733.75,7795.26,207009108
451,7490.91,7633.5,7490.91,7614.41,874001808
454,7582.21,7604.55,7569.24,7582.69,0
455,7649.23,7659.82,7549.01,7615.95,0
456,7677.62,7741.85,7671.99,7715.64,300930779
457,7684.67,7738.03,7658.51,7733.51,0
458,7650.91,7707.11,7650.77,7685.14,0
461,7775.64,7783.2,7704.69,7704.69,6186589
462,7768.71,7802.27,7731.01,7802.27,0
463,7797.42,7797.42,7742.92,7747.6,256021020
464,7677.91,7829.41,7631.06,7822.66,1437896960
465,7795.07,7795.07,7700.76,7709.96,390759458
468,7819.13,7841.51,7770.2,7793.14,590065611
470,7751.6,7801.3,7724.58,7801.3,0
471,7742.17,7836.43,7728.88,7804.7,200416990
472,7753.63,7753.63,7688,7690.44,0
475,7787.27,7827.14,7787.27,7797.65,0
476,7856,7871.59,7823.34,7850.05,0
477,7901.5,7910.88,7873.22,7892.75,0
478,7963.54,7988.15,7928.09,7935.34,528624018
479,7972.59,8009,7965.37,8007.5,157331438
482,8057.49,8079.62,8007.54,8007.54,1036150640
483,8053.83,8088.01,8031.49,8088.01,494956475
484,8112.28,8118.63,8060.33,8078.91,935028517
485,8188.11,8188.11,8188.11,8188.11,0
489,8207.85,8240.45,8143.45,8222.42,0
490,8211.4,8283.64,8162.54,8277.71,0
491,8327.62,8327.87,8216.92,8237.1,0
492,8237.42,8369.55,8233.59,8344.56,0
493,8280.9,8290.66,8178.93,8266.87,1542465192
496,8323.82,8357.9,8281.72,8291.52,1601184908
497,8309.37,8356.97,8262.58,8343.73,979896586
498,8196.56,8257.83,8194.81,8229.25,667797905
499,8289.98,8313.94,8237.67,8245.86,582779633
500,8356.89,8380.23,8325.82,8340.6,1390092863
503,8337.82,8367.65,8290.38,8290.38,836201288
504,8249,8395.39,8227.3,8387.66,1571179632
505,8220.93,8309.19,8191.44,8309.19,751264500
506,8127.87,8208.21,8107.55,8189.5,362393286
507,7927.31,8015.95,7912.85,7986.43,646050825
510,7872.99,7938.14,7828.34,7845.3,0
511,7598.81,7922.07,7572.58,7903.03,1405978134
512,7560.03,7656.95,7530.41,7639.72,0
513,7694.58,7756.77,7607.56,7630.16,0
514,7640.44,7649.73,7481.9,7593.38,0
517,7524.67,7661.7,7493.81,7653.89,0
518,7429.61,7635.73,7398.8,7633.74,0
519,7547.98,7550.82,7441.92,7523.79,0
520,7542.04,7578.18,7504.96,7563.19,0
521,7217.83,7352.98,7196.39,7323.16,359697450
524,7215.88,7253.24,7173.18,7236.63,0
525,7361.04,7381.82,7197.13,7225.71,0
526,7441.84,7441.84,7441.84,7441.84,0
538,7560.04,7619.87,7553.29,7619.87,0
539,7597.44,7597.44,7502.45,7575.62,0
540,7529.67,7585.19,7515.38,7516.47,0
541,7426.96,7568.42,7400.42,7568.42,0
542,7436.1,7479.28,7383.68,7451.17,0
545,7577.75,7620.56,7451.09,7492.84,0
546,7597.62,7664.49,7592.66,7649.62,0
547,7629.52,7670.25,7604.86,7628.78,0
548,7569.8,7664,7524.19,7664,0
549,7666.26,7694.89,7618,7659.76,0
552,7762.27,7763.76,7716.28,7741.8,0
553,7770.59,7770.59,7737.65,7762.4,0
554,7779.08,7803.27,7736.7,7797.7,0
555,7749.66,7818.84,7749.4,7817.59,0
556,7748.33,7773.52,7726.09,7773.52,0
559,7634.92,7766.36,7634.92,7750.87,0
560,7695.63,7695.81,7645.17,7671.41,0
561,7847.84,7849.38,7762.85,7763.43,0
562,7886.34,7922.48,7847.55,7861.27,412020162
563,7897.91,7899.01,7859.29,7899.01,0
566,7835.98,7872.78,7791.25,7861.9,0
567,7811.87,7889.04,7804.4,7880.12,0
568,7822.71,7881.37,7822.71,7875.27,0
569,7838.1,7856.31,7753.51,7824.74,0
570,7876.86,7909.41,7770.42,7808.15,0
573,7947.45,7961.14,7909.06,7918.95,0
574,7962.22,7994.62,7942.47,7992.12,0
575,7920.06,7974.89,7920.06,7962.91,0
576,8013.09,8026.06,7952.62,7952.62,490428362
577,8025.93,8025.93,8025.93,8025.93,0
581,8089.65,8128.08,8082.37,8083.03,81534181
582,8121.78,8133.45,8091.28,8131.4,0
583,8057.6,8149.68,8038.37,8106,811338317
584,8092.03,8094.35,8039.41,8073.52,0
587,8117.75,8152.53,8092.94,8149.76,0
588,8029.73,8104.14,8022.94,8090.54,0
589,8097.13,8102.38,8040.01,8077.94,0
590,8171.94,8190.01,8136.32,8168.11,926489100
591,8111.57,8162.85,8090.68,8161.85,139476203
594,7854.22,8042.05,7845.77,8003.02,927146124
595,7900.42,7923.27,7842.07,7908.11,0
596,7990.53,7998.76,7947.9,7949.96,0
597,7978.69,7985.49,7897.14,7948.89,0
598,8004.89,8030.11,7996.77,8021.71,0
601,8158.14,8168.47,8093.14,8107.22,171219737
602,8146.44,8174.85,8121.14,8174.85,0
603,8081.55,8092.48,7944.7,7944.7,66327407
604,8054.05,8107.36,8053.02,8105.96,377610350
605,8004.25,8163.94,7999.28,8116.39,880281866
608,7952.17,8022.45,7916.04,7979.8,0
609,7930.77,8010.98,7889.93,8006.79,0
610,7696.9,7785.55,7695.69,7759.18,511750464
611,7579.48,7702.11,7562.03,7696.27,0
612,7567.1,7572.79,7387.19,7393.27,498343263
615,7664.73,7664.73,7577.31,7610.88,0
616,7608.44,7743.41,7608.44,7718.17,0
617,7602.7,7674.52,7596.21,7663.34,0
618,7770.57,7787.32,7687.55,7703.48,0
619,7772.13,7772.54,7725.82,7735.6,0
622,7598.72,7697.79,7574.06,7697.79,0
623,7585.3,7637.99,7560.89,7630.1,0
624,7559.16,7588.09,7467.2,7527.62,0
625,7424.43,7557.17,7424.43,7557.17,0
626,7237.71,7277.93,7164.21,7229.17,0
629,7322.73,7344.92,7269.81,7296.15,0
630,7086.37,7241.84,7032.4,7238.16,0
631,7167.35,7174.38,7079.85,7161.4,0
632,7243.16,7254.68,7105.11,7139.45,0
633,7295.32,7364.01,7271.3,7338.77,0
636,7373.98,7373.98,7292.54,7312.26,0
637,7289.33,7348.56,7276.52,7327.01,0
638,7195.71,7304.13,7159.75,7252.79,0
639,7360.28,7361.7,7309.46,7322.51,0
640,7344.59,7377.56,7337.35,7377.56,0
643,7157.83,7172.3,7085.55,7139.76,0
644,7151.99,7179.14,7128.92,7142.31,0
645,7071.67,7193.04,7048.6,7166.19,0
646,7181.77,7182.99,7085.34,7134.16,0
647,7299.49,7321.6,7273.7,7302.97,0
650,7387.4,7393.41,7347.23,7372.93,0
651,7454.06,7454.06,7454.06,7454.06,0
653,7515.78,7534.06,7481.72,7503.12,0
654,7493.11,7538.55,7459.93,7538.55,0
657,7635.56,7645.71,7562.25,7595.93,0
658,7612.68,7639.66,7610.62,7630.64,0
659,7582.15,7615.44,7549.98,7576.29,0
660,7589.89,7607.63,7567.96,7601.72,0
661,7474.71,7537.37,7463.29,7509.72,0
664,7500.79,7536.61,7489.55,7507.15,0
665,7423.57,7584.81,7423.57,7554.78,0
666,7329.37,7337.32,7255.09,7277.39,0
667,7254.06,7327.4,7251.6,7326.89,0
668,7330.74,7378.77,7285.01,7285.01,0
671,7439.96,7447.18,7351.18,7351.18,0
672,7548.48,7548.48,7382.37,7385.33,0
673,7534.46,7565.37,7517.68,7560.22,0
674,7608.85,7622.46,7583.36,7612.71,0
675,7647.25,7652.55,7599.84,7644.11,0
678,7639.55,7705.11,7636.81,7674.26,0
679,7597.42,7671.48,7587.87,7664.71,0
680,7714.51,7720.63,7683.83,7688.82,0
681,7704.52,7732.31,7681.87,7699.49,0
682,7664.57,7719.05,7660.76,7717.24,488998806
685,7649.83,7666.58,7596.26,7602.68,0
686,7712.03,7730.88,7638.49,7678.89,0
687,7701.29,7752.8,7678.3,7742.48,0
688,7666.34,7718.92,7665.78,7699.36,0
689,7761.22,7782.02,7739.04,7747.03,140537196
692,7787.45,7807.07,7765.68,7787.07,0
693,7748.01,7806.25,7748.01,7806.25,0
694,7784.81,7786.23,7726.4,7736.59,0
695,7798.99,7799.57,7738.48,7778.74,289201389
696,7760.63,7781.24,7731.19,7765.25,0
699,7911.68,7917.95,7829.19,7829.19,958902178
700,7957.53,7970.58,7915.83,7961.68,1215666069
701,7972.66,7978.16,7938.92,7960.3,555473911
702,7936.85,8018.74,7921.98,8010.07,1882472124
703,7963.3,7963.3,7922.29,7938.09,53476201
706,8034.49,8040.94,7971.19,7974.67,720955394
707,7976.74,8054.29,7975.38,8054.29,995489518
708,7895.03,7956.9,7869.52,7923.57,616424783
709,7829.79,7837.38,7776.66,7789.46,131225787
710,7891.58,7906.35,7830.46,7845.98,576678373
713,7941.22,7941.22,7850.13,7884.28,183340259
714,7931.09,7973.15,7931.09,7962.7,768906748
715,7924.1,7984.57,7897.18,7978.52,1054595666
716,7928.94,7948.73,7886.73,7925.48,721878452
717,7927.31,7941.61,7905.01,7915.16,0
720,7975.93,8013.12,7924.1,7938.21,372700615
721,7940.64,7990.49,7940.64,7983.62,461122342
722,7736.98,7889.57,7736.98,7889.57,1454974959
723,7689.74,7758.14,7666.51,7743.32,155752756
724,7722.91,7722.91,7662.23,7702.59,0
727,7741.2,7806.91,7737.28,7797.26,0
728,7616.28,7687.47,7577.1,7669.31,0
729,7668.25,7679.43,7625.72,7643.61,0
730,7720.82,7780.53,7715.31,7764.8,0
731,7830.21,7830.21,7770.93,7770.93,216209258
734,7890.95,7902.56,7841.83,7879.7,0
735,7884.4,7922.07,7876.67,7914.38,199236359
736,7851.31,7898.76,7824.65,7866.35,0
737,7835.54,7903.47,7817.87,7901.83,20241661
738,7890.11,7911.66,7859.33,7900.56,0
741,8091.3,8091.3,7946.98,7961.98,889495572
742,8132.6,8132.6,8081.79,8121.68,548375397
743,8163.82,8163.82,8113.97,8152.63,582088274
744,8099.75,8182.8,8099.75,8174.85,330971023
745,8158.33,8197.82,8134.3,8150.94,892834433
748,8186.96,8195.74,8161.82,8174.88,147420736
749,8196.4,8196.4,8196.4,8196.4,0
751,8202.54,8223.22,8154.97,8201.68,299786621
752,8166.62,8190.96,8129.21,8182.16,0
755,8191.54,8240.86,8189.38,8239.11,360523778
756,8189.44,8211.42,8173.26,8201.81,0
757,8240.89,8286.93,8218.75,8241.65,880266951
758,8237.78,8267.55,8204.84,8259.24,224315065
759,8244.18,8260.28,8220.73,8259.08,0
762,8246.1,8300.04,8240.67,8261.16,749304000
763,8200.43,8217.86,8155.3,8217.86,183126417
764,8284.03,8301.39,8267.61,8296.23,1391910316
765,8283.92,8310.8,8270.31,8304.91,942515245
766,8244.19,8309.91,8232.02,8306.32,0
769,8176.76,8277.78,8165.2,8277.78,0
770,8090.22,8180.39,8058.59,8176.7,0
771,8106.66,8143.19,8067.87,8116.69,0
772,8215.45,8252.2,8178.34,8181.51,305883605
773,8205.3,8242.77,8184.29,8216.87,521078356
776,8060.54,8209.39,8057.12,8209.39,115646540
777,8046.23,8074.68,8018.31,8044.9,0
778,8124.62,8131.19,7992.81,7993.43,0
779,8131.23,8171.49,8109.79,8135.57,0
780,8168.06,8174.03,8148.26,8169.51,0
783,8306.98,8307.59,8199.49,8204.01,318830699
784,8343.23,8353.86,8319.01,8336.95,86490951
785,8291.04,8372.52,8285.73,8369.75,0
786,8354.05,8386.29,8281.52,8315,394287680
787,8287.09,8348.39,8278.72,8348.39,0
790,8379.75,8407.91,8343.52,8343.52,70170253
791,8344.76,8390.1,8344.76,8380.06,0
792,8293.9,8398.3,8273.47,8394.53,550870229
793,8357.85,8367.19,8317.86,8321.36,0
794,8449.34,8458.47,8420.65,8444.81,1466023264
797,8430.58,8473.66,8416.2,8473.66,758681865
798,8445.63,8457.41,8421.13,8430.7,0
799,8450.63,8471.57,8425.24,8457.09,171574476
800,8436.95,8458.49,8422.96,8437.02,0
801,8316.05,8416.35,8309.36,8404.43,0
804,8240.65,8301.35,8226.71,8287.83,0
805,8312.21,8324.51,8234.22,8234.22,0
806,8255.54,8284.51,8228.24,8249.95,0
807,8283.45,8286.92,8238.77,8285.55,0
808,8306.12,8372.16,8283.27,8344.66,0
811,8374.91,8391.25,8334.42,8343.32,0
812,8328.63,8396.49,8323.81,8388.26,0
813,8297.05,8337.19,8277.33,8277.33,0
814,8349.99,8355.39,8330.92,8337.9,0
815,8312.15,8371.27,8312.15,8371.27,0
818,8367.17,8401.42,8331.51,8399.77,0
819,8372.48,8443.38,8363.97,8384.64,850901755
820,8520.11,8520.11,8428.64,8430.6,1386071495
821,8585.77,8641.13,8572.65,8598.01,2079464949
822,8624.01,8659.62,8618.26,8630.88,1004120378
825,8702.23,8718.53,8675.45,8675.45,819312461
826,8704.39,8716,8654.49,8716,298725240
827,8703.79,8729.7,8683.98,8727.88,278245621
828,8753.84,8782.82,8736.77,8769.34,0
829,8718.83,8744.67,8684.05,8740.71,1204901189
832,8736.59,8764.51,8736.54,8748.64,446016347
833,8740.43,8789.25,8717.53,8771.9,929585355
834,8756.71,8756.71,8698.41,8755.32,819563344
835,8782.2,8797.98,8767.44,8770.74,863558662
836,8817.9,8860.38,8817.51,8828.05,1553158541
839,8768.72,8861.09,8740.3,8861.09,259658640
840,8827.79,8827.79,8772.59,8802.86,0
841,8860.49,8865.42,8834.32,8847.27,660356954
842,8898.87,8914.34,8874.87,8891.41,1223782880
843,8861.1,8911.41,8861.01,8910.61,818221800
846,8892.31,8908.42,8828.67,8866.67,613132442
847,8870.76,8919.26,8839.83,8919.26,112434487
848,8866.35,8893.14,8844.67,8878.1,0
849,8907.91,8920.79,8871.07,8883.21,1086358312
850,8972.5,8990.38,8932.64,8936.11,0
853,9025.3,9041.32,8994.5,9039.63,0
854,8997.19,9046.18,8988.58,9045.11,0
855,8846.31,9027.16,8812.36,9014.32,0
856,8883.21,8883.21,8813.63,8866.23,1587949593
857,8782.72,8907.11,8738.93,8905.25,2006347924
860,8817.88,8817.88,8762.5,8798.05,0
861,8931.36,8935.27,8794.77,8810.77,857804664
862,8965,9000.78,8955.47,8992.01,1309605966
863,8975.58,9034.17,8948.23,9034.17,1337032986
864,8972.51,8998.14,8937.5,8985.34,0
867,8925.09,9006.36,8921.19,8998.89,804051253
868,8988,9003.45,8887.03,8889.84,974068305
869,9086.02,9092.28,9005.77,9023.3,1292894510
870,9022.17,9063.52,9017.8,9059.8,221706007
871,8954.38,8980.54,8892.27,8935.29,296452239
874,8947.79,8993.56,8927.49,8983.59,0
875,8991.39,9032.3,8991.39,9001.74,52784635
876,9055.59,9072.76,9009.18,9010.41,450747566
877,9102.33,9126.93,9092.97,9093.54,616798907
878,9145.35,9145.35,9145.35,9145.35,0
889,9111.46,9220.69,9085.41,9220.69,1034499097
890,9006.82,9129.88,8992.64,9107.96,816114014
891,8836.56,8979.35,8836.56,8962.07,958973933
892,8609.86,8842.41,8574.65,8842.41,2132385685
895,8685.47,8715.97,8626.66,8666.61,131880414
896,8721.93,8753.05,8565.05,8679.12,437348421
897,8712.96,8767.09,8702.81,8740.32,158999227
898,8683.88,8745.65,8669.77,8738.71,289651994
899,8843.84,8874.5,8763.69,8763.69,654086884
902,8839.22,8867.16,8797.25,8867.16,0
903,8673.67,8744.81,8613.34,8744.81,1170945526
904,8528.94,8673.2,8521.25,8604.32,643163900
905,8541.64,8633.24,8541.64,8561.16,0
906,8599.65,8599.65,8599.65,8599.65,0
910,8727.56,8734.24,8611.79,8611.79,33241769
911,8619.9,8709.57,8619.9,8675.37,0
912,8738.37,8758.89,8661.63,8661.63,437921623
913,8784.4,8829.23,8771.89,8815.52,492316059
916,8713.79,8769.87,8706.38,8769.87,0
917,8747.75,8768.31,8692.1,8692.1,0
918,8750.02,8824.41,8730.74,8810.35,116661396
919,8642.9,8754.41,8635.75,8754.41,131080638
920,8567.82,8593.71,8513.51,8566.91,0
923,8520.02,8616.29,8395.11,8616.29,797570217
924,8234.78,8519.9,8070.52,8493.83,0
925,8324.58,8372.02,8257.08,8317.38,753700187
926,8282.69,8282.69,8150.73,8190.5,415746749
927,8394.75,8399.17,8312.88,8343.79,334051840
930,8467.71,8508.2,8394.22,8421.66,0
931,8508.04,8552.82,8508.04,8523.27,0
932,8545.08,8551.12,8481.96,8529.93,0
933,8576.4,8603.43,8550.6,8589.71,0
934,8610.39,8658.05,8587.84,8645.37,0
937,8553.06,8604.24,8549.26,8587.99,0
938,8596.57,8596.57,8522.57,8538.44,0
939,8646.31,8671.59,8605.83,8605.83,0
940,8683.3,8685.44,8608.05,8683.69,0
941,8705.13,8705.13,8705.13,8705.13,0
946,8851.98,8860.02,8767.21,8772.13,169229322
947,8901.72,8901.72,8828.92,8884.84,0
948,8894.54,8929.06,8862.49,8904.44,332888227
951,8880.27,8922.75,8836.38,8922.75,0
952,8732.59,8839.22,8708.86,8839.22,0
953,8780.2,8780.2,8700.08,8727.95,0
954,8802.73,8835.39,8772.3,8787.75,0
955,8718.12,8834.07,8716.7,8828.63,0
958,8714.48,8763.79,8703.11,8752.56,0
959,8638.55,8658.97,8592.23,8643.4,0
960,8813.28,8813.28,8698.97,8704.48,0
961,8957.65,8992.08,8892.06,8893.07,1197347637
962,8969.43,8992.67,8956.07,8980.43,0
965,8950.75,9037.09,8950.75,9015.91,0
966,8948.14,8966.86,8866.74,8894.01,0
967,9049.25,9060.5,9012.28,9012.28,405976177
968,9040.77,9099.75,9021.36,9088.97,370356121
969,9007.87,9007.87,9007.87,9007.87,0
973,8946.08,9018.7,8895.25,9014.33,0
974,8947.35,8947.35,8864.55,8937.3,0
975,9018.61,9029.58,8907.97,8930.24,0
976,8977.23,9018.4,8954.81,8997.73,0
979,9035.48,9081.26,8984.43,9001.8,106052070
980,9023.28,9055.91,9007.93,9048.25,0
981,9020.4,9082.01,9014.36,9073.88,0
982,9033.68,9052.98,8963.24,8977.77,0
983,9006.61,9059.46,8986.18,9039.55,0
986,8911.71,8996.7,8911.71,8996.7,0
987,8884.09,8928.99,8854.14,8917.25,0
988,8944.84,8946.99,8885.4,8885.4,0
989,8892.88,9026.18,8888.21,8952.25,0
990,8837.03,8944.38,8822.75,8944.38,0
993,8747.51,8776.46,8695.34,8767.3,0
994,8756.61,8756.9,8673.38,8730.23,0
995,8727.09,8763.64,8682.49,8732.3,0
996,8788.4,8807.08,8751.52,8797.29,0
997,8810,8860.03,8803.59,8806.29,0
a1306733400,8823.68,8844.03,8748.13,8757.66,0
1,8988.84,9003.6,8860.58,8860.58,181533883
2,9062.35,9089.47,8999.84,8999.84,0
3,8991.36,9036.27,8977.67,8981.71,0
4,9046.28,9046.28,9046.28,9046.28,0
8,9057.1,9059.19,8981.44,9025.21,0
9,9007.53,9070.25,9007.53,9044.85,0
10,9000.94,9045.44,8996.08,9020.6,0
11,8837.82,9053.39,8837.82,9042.35,0
14,8712.95,8811.97,8703.52,8791.67,0
15,8829.21,8836.51,8737.24,8737.24,0
16,8831.45,8876.14,8733.6,8833.86,0
17,8654.43,8739.84,8654.43,8739.84,0
18,8636.1,8702,8618.85,8671.45,0
21,8530.68,8685.33,8518.66,8679.15,0
22,8597.62,8617.96,8523.04,8571.93,0
23,8621.04,8679.37,8598.08,8663.86,0
24,8567.28,8619.39,8559.33,8601.15,0
25,8532.83,8569.59,8508.16,8567.46,0
28,8500.16,8519.21,8433.46,8456.36,0
29,8478.86,8572.62,8478.69,8536.13,0
30,8573.38,8598.22,8499.24,8540.35,0
31,8652.59,8652.59,8576.65,8582.08,0
32,8739.82,8744.2,8659.57,8684.39,0
35,8774.72,8808.47,8772.33,8801.51,0
36,8784.44,8794.14,8743.45,8777.22,0
37,8824.44,8842.17,8768.35,8790.94,0
38,8773.42,8795.88,8757.47,8795,0
39,8749.55,8839.14,8740,8782.72,0
42,8665.85,8749.55,8633.55,8749.55,0
43,8491.01,8595.07,8479.9,8581.43,0
44,8488.06,8539.18,8452.86,8480.26,0
45,8481.35,8531.96,8410.44,8495.51,0
46,8574.91,8579.8,8462.05,8494.7,0
49,8538.57,8580.33,8473.91,8550.16,0
50,8524.57,8554.41,8490.79,8528.2,0
51,8706.17,8706.17,8612.53,8612.53,230387191
52,8717.14,8725.97,8683.05,8705.84,87978440
53,8765.32,8794.48,8741.09,8770.95,726741800
56,8683.51,8786.03,8661.76,8764.68,0
57,8794.24,8794.24,8689.15,8700.59,0
58,8817.49,8819.93,8754.51,8775.18,375266155
59,8767.2,8790.68,8702.84,8739.83,407878817
60,8644.18,8771.64,8638.67,8737.72,947672522
63,8701.38,8707.87,8629.97,8629.97,507905837
64,8584.72,8629.09,8557.7,8629.09,165289774
65,8456.86,8472.27,8360.73,8466.35,947223568
66,8317.27,8496.07,8317.27,8472.37,812566284
67,7853.13,7975.82,7844.77,7962.87,1699830304
70,7552.8,7799.49,7451.29,7769.6,1851214019
71,7493.12,7599.14,7148.76,7261.54,0
72,7736.32,7751.59,7632.34,7717.58,1970060002
73,7719.09,7761.4,7499.54,7566.39,1129508912
74,7637.02,7853.53,7637.02,7825.8,701048374
77,7819.39,7819.39,7748.46,7769.17,0
78,7798.59,7896.19,7778.65,7886.93,0
79,7741.76,7821.99,7732.32,7807.67,0
80,7614.97,7721.19,7561.02,7721.19,0
81,7342.96,7429.96,7316.83,7414.36,0
84,7312.59,7468.74,7248.69,7348.71,33165501
85,7550.23,7564.64,7349.57,7369.43,0
86,7502.93,7594.81,7432.52,7592.51,0
87,7410.87,7564.87,7409.02,7559.47,0
88,7445.1,7503.38,7389.57,7438.52,0
91,7578.01,7608.77,7474.31,7482.92,0
92,7646.19,7675.17,7599.27,7654.37,0
93,7741.36,7741.36,7602.68,7665.22,0
94,7757.76,7886.04,7755.55,7799.18,549264345
95,7757.06,7801.28,7703.1,7801.28,0
98,7551.57,7637.9,7538.58,7637.9,0
99,7367.19,7522.94,7357.76,7496.24,0
100,7529.01,7529.01,7428.7,7468.29,0
101,7548.37,7626.78,7520.76,7601.29,0
102,7610.57,7610.57,7610.57,7610.57,0
106,7391.37,7538.04,7382,7530,0
107,7228.47,7477.86,7186.75,7455.5,273435540
108,7385.68,7430.29,7348.21,7374.58,0
109,7577.4,7606.7,7494.29,7494.29,70023483
112,7480.88,7572.94,7468.77,7572.83,0
113,7492.85,7544.88,7389.39,7485.6,0
114,7535.88,7574.78,7465.98,7515.66,0
115,7305.5,7419.49,7287.76,7419.49,0
116,7046.22,7126.81,6997.61,7101.34,318107005
119,6877.12,7058.43,6877.12,7026.49,0
120,7089.95,7119.14,7027.89,7031.13,0
121,7146.98,7154.4,7099.73,7148.38,0
122,7182.61,7218.57,7061.01,7090.12,0
123,7225.38,7251.87,7163.75,7222.16,0
126,7013.97,7128.66,6998.37,7128.66,0
127,7047.87,7047.99,6889.99,6937.24,0
128,6989.15,7091.01,6989.15,7061.17,0
129,7132,7170.92,7094.61,7094.61,0
130,7211.96,7211.96,7211.96,7211.96,0
134,7398.71,7398.71,7348.86,7348.86,0
135,7382.35,7407.08,7323.54,7390.06,0
136,7428.33,7444.33,7372.41,7423.18,0
137,7358.08,7430.5,7353.8,7430.5,0
140,7461.12,7475.06,7401.3,7412.88,0
141,7359.48,7379.08,7322.01,7352.12,0
142,7353.37,7393.73,7316.58,7393.73,0
143,7244.32,7361.22,7240.15,7347.93,0
144,7254.51,7272.51,7205.21,7272.51,0
147,7470.3,7472.5,7428.29,7436.02,0
148,7491.21,7506.08,7468.53,7506.08,0
149,7535.82,7548.51,7425.99,7437.77,0
150,7565.21,7590.88,7504.96,7548.36,0
151,7616.06,7743.37,7602.63,7693.24,609819948
154,7587.69,7658.97,7557.05,7637.48,0
155,7622.01,7656.26,7505.96,7547.24,0
156,7598.45,7599.54,7448.28,7500.54,0
157,7460.31,7603.45,7460.31,7603.45,0
158,7603.23,7635.75,7578.36,7581.61,0
161,7621.72,7638.03,7586.86,7623.16,0
162,7600.79,7683.09,7600.79,7652.47,0
163,7561.86,7654.15,7561.86,7646.12,0
164,7308.68,7434.37,7274.84,7431.26,45406627
165,7367.29,7385.98,7288.49,7369.73,0
168,7525.65,7544.23,7472.16,7472.16,0
169,7491.06,7528.78,7475.33,7515.5,0
170,7387.52,7541.68,7385.13,7520.95,0
171,7387.81,7392.82,7284.3,7333.57,0
172,7233.78,7327.67,7233.78,7296.09,0
175,7042.64,7183.47,7042.64,7166.26,0
176,7000.03,7082.4,6970.72,7064.61,0
177,6806.43,6981.54,6806.43,6967.66,0
178,6864.39,6885.24,6744.26,6748.92,0
179,6784.52,6950.5,6751.48,6906.34,0
182,6898.78,6920.79,6844.3,6844.3,0
183,6988.65,6998.06,6934.87,6966.58,0
184,6904.12,7001.59,6860.05,7001.59,0
185,7178.69,7199.26,7129.07,7132.41,271603975
186,7140.68,7186.66,7109.71,7164,0
189,7098.08,7149.59,7057.33,7149.58,0
190,6956.28,7075.84,6956.28,7075.84,0
191,7033,7046.39,6992.27,7004.18,0
192,6982.9,7018.64,6907.95,7018.64,0
193,6893.3,6927.99,6831.39,6891.47,0
196,6949.04,7002.09,6923.88,6975.62,0
197,6896.31,6919.68,6850.88,6883.08,0
198,6922.57,6926.09,6860.39,6912.54,0
199,6764.59,6874.18,6764.59,6874.18,0
200,6785.09,6810.08,6757.33,6783.02,0
203,6633.33,6780.64,6609.11,6780.64,0
204,6662.64,6696.93,6646.3,6654.67,0
205,6966.48,6966.48,6878.63,6878.63,0
206,6966.35,6989.59,6940.85,6968.22,0
207,7110.73,7122.28,7035.1,7035.1,0
210,7092.58,7125.67,7078.06,7125.04,0
211,7085.03,7107.67,7043.64,7085.5,0
212,7056.67,7093.47,7036.92,7086.1,0
213,7074.82,7074.82,6998.97,7026.86,0
214,7072.08,7139.03,7054.79,7109.85,0
217,6952.21,7073.48,6948.67,7071.35,2104640545
218,7053.38,7073.79,7005.39,7005.39,0
219,7082.97,7116.22,7064.58,7093.07,0
220,7130.86,7130.86,7073.32,7099.35,0
221,7120.51,7139.04,7090.47,7129.53,0
224,7093.04,7103.09,7050.25,7103.09,0
225,7178.87,7181.74,7128.86,7128.86,0
226,7188.21,7212.36,7184.38,7203.1,0
227,7186.58,7209.74,7173.87,7202.38,0
228,7181.54,7249.94,7169.92,7226.24,0
231,7103.62,7258.84,7091.35,7241.92,0
232,7221.08,7221.08,7118.36,7144.2,0
233,7233.69,7233.69,7233.69,7233.69,0
245,7407.41,7441.22,7382.72,7382.72,245406248
246,7517.08,7517.08,7421.01,7436.52,1191766884
247,7549.21,7566.08,7488.97,7520.36,945062243
248,7652.46,7652.46,7578.76,7613.79,1543865120
249,7674.99,7674.99,7608.41,7658.68,1271224818
252,7687.98,7752.28,7677.56,7752.28,599625296
253,7707.44,7751.76,7673.91,7680.36,0
254,7869.91,7869.91,7766.38,7766.38,1119149920
255,7910.78,7910.78,7840.38,7863.36,1389195554
256,7862.27,7941.63,7848.78,7922.61,989042242
259,7912.91,7917.96,7837.58,7849.21,0
260,7884.08,7937.28,7829.76,7937.28,0
261,8005.24,8011.87,7902.08,7919.41,0
262,7869.7,8010.5,7851.62,7983.75,0
263,7894.36,8013.46,7862.11,7956.91,0
266,7954.82,7985.5,7913.65,7959.99,0
267,7921.5,7973.47,7870.26,7953.06,0
268,8001.68,8018.54,7897.65,7908.38,0
269,7937.3,7991.92,7935.42,7981.92,0
270,7959.34,7974.58,7899.62,7971.62,0
275,8121.44,8121.44,8046.14,8046.14,0
276,8118.34,8151.7,8103.75,8127.57,0
277,8144.04,8170.72,8114.14,8161.87,0
a1330756200,8114.44,8134.94,8087.2,8119.94,0
a1330925400,8004.74,8115.49,7998.96,8105.27,0
1,7937.97,8028.02,7860.87,8006.85,0
2,7903.08,7937.11,7824.45,7846.49,0
3,7984.56,8000.93,7905.5,7952.94,0
4,8016.01,8027.08,7965.68,8012.59,0
7,7927.55,8028.87,7927.55,8028.87,0
8,8031.51,8045.61,7974.38,7990.6,0
9,8125.26,8170.31,8113.76,8132.96,0
10,8121.62,8142.98,8088.1,8141.93,0
11,8054.94,8130.52,8054.94,8130.28,0
14,8043.92,8123.15,7997.05,8113.46,0
15,7972.7,8062.91,7965.96,8062.91,0
16,7981.94,8013.67,7940.19,7993.46,0
17,8059.94,8075.97,7995.57,7997.66,0
18,8076.61,8076.61,8030.88,8067.93,0
21,7967.62,8073.93,7958.72,8073.93,0
22,8029.46,8033.22,7978.74,8033.22,0
23,8038.07,8085.43,8013.8,8074.64,0
24,7872.66,7997.87,7808.55,7997.87,0
25,7933,7933,7775.75,7832.22,0
28,7862.9,7928.43,7859.56,7905.88,0
29,7760.85,7907.62,7723.39,7896.72,0
31,7639.82,7667.04,7528.03,7603.31,0
32,7706.26,7713.24,7638.05,7667.9,0
35,7600.87,7650.89,7529.39,7587.68,0
36,7640.68,7692.94,7605.67,7659.03,0
37,7656.67,7666.07,7573.05,7592.94,0
38,7662.92,7673.84,7599,7669.46,0
39,7788.27,7788.27,7733.18,7734.55,0
42,7729.86,7749.49,7714.14,7747.36,0
43,7585.87,7752.1,7585.87,7736.7,0
44,7605,7683.95,7590.98,7676.48,0
45,7622.69,7632.73,7528.04,7602.28,0
46,7507.15,7605.22,7507.15,7601.57,0
49,7481.09,7521.42,7430.93,7488.82,0
50,7498.84,7533.55,7444.79,7457.02,0
51,7563.18,7569.25,7525.69,7552.78,0
52,7521.35,7600.45,7509.88,7596.53,0
53,7480.5,7598.45,7459.75,7569.29,0
56,7501.72,7501.72,7422.14,7439.22,0
58,7676.81,7679.07,7511.76,7511.76,0
59,7659.53,7681.23,7643.09,7671.06,0
60,7700.95,7704.87,7614.99,7619.73,0
63,7538.08,7608.35,7515.69,7608.35,0
64,7545.71,7572.31,7522.29,7572.16,0
65,7475.71,7513.71,7448.9,7485.33,0
66,7484.01,7523.37,7470.81,7479.14,0
67,7401.37,7473.55,7382.95,7472.56,0
70,7377.18,7412.59,7346.86,7389.89,0
71,7395.64,7396.42,7291.44,7328.74,0
72,7234.57,7399.83,7234.57,7376.71,0
73,7356.77,7356.77,7274.32,7304.4,0
74,7151.19,7253.1,7149.36,7252.24,0
77,7192.23,7220.1,7164.9,7164.9,0
78,7274.89,7274.89,7232.52,7257.96,0
79,7147.75,7213.6,7130.52,7213.6,0
80,7124.89,7190.55,7090.47,7155.74,0
81,7071.63,7139.76,7066.39,7116.33,0
84,7136,7136,7047.32,7067.55,0
85,7342.29,7349.85,7178.67,7179.58,0
86,7261.8,7331.64,7222.88,7331.64,0
87,7301.5,7301.5,7132.8,7184.91,0
88,7106.09,7218.75,7106.09,7213.69,0
91,6894.66,6937.33,6857.35,6907.13,0
92,7000.45,7037.57,6967.31,6988.52,0
93,7056.15,7076.28,7004.4,7037.92,0
94,7080.31,7139.16,7052.36,7133.78,0
95,6999.65,7063.08,6979.82,7033.51,0
98,7120.23,7137.98,7081.72,7081.72,0
99,7072.08,7076.37,7039.35,7042.37,0
100,7088.83,7109.34,7059.85,7103.2,0
101,7075.1,7114.07,7070.36,7096.86,0
102,7155.83,7166.08,7085.92,7094,0
105,7281.5,7302.82,7262.8,7263.81,0
106,7273.13,7288.98,7239.42,7286.54,0
107,7334.63,7334.63,7281.74,7309.23,0
108,7279.05,7311.39,7259.11,7301.79,0
109,7222.05,7229.73,7185.31,7210.8,0
112,7166.38,7222.61,7157.9,7222.61,0
113,7137.93,7156.99,7117.17,7145.22,0
114,7183.01,7199.32,7127.98,7137.99,0
115,7169.61,7236.71,7165.34,7230.47,0
116,7296.28,7296.28,7177.59,7183.45,0
119,7345.16,7359.99,7318.22,7332.09,0
120,7418.36,7431.7,7357.67,7363.37,0
121,7422.59,7442.55,7397.8,7414.56,0
122,7387.78,7426.62,7376.45,7412.55,0
123,7368.59,7406.62,7328.03,7392.78,0
126,7309.96,7333.28,7293.11,7301.72,0
127,7251.35,7328.75,7228.88,7305.76,0
128,7257.91,7261.59,7202.38,7207.08,0
129,7130.93,7242.78,7130.93,7240.88,0
130,7104.27,7153.85,7103.71,7113.14,0
133,7090.04,7136.56,7085.38,7132.94,0
134,7127,7133.05,7051.76,7056.8,0
135,7049.05,7132.65,7046.09,7132.65,0
136,7148.57,7163.75,7098.18,7109.33,0
137,7164.68,7164.68,7130.71,7136.48,0
140,7028.73,7105.99,6996.18,7105.99,0
141,7008.35,7015.76,6968.78,7004.44,0
142,6979.13,7036.95,6922.73,6932.12,0
143,6970.69,7023.98,6963.57,7012.94,0
144,7124.49,7124.49,7045.31,7060.43,0
147,7158.88,7184.31,7146.07,7159.21,0
148,7270.49,7270.49,7140.53,7140.53,0
149,7267.96,7273.62,7223.17,7242.58,0
151,7217.51,7235.63,7186.78,7220.51,0
154,7286.33,7340.56,7276.6,7311.74,0
155,7295.46,7300.99,7265.96,7289.89,0
156,7319.8,7357.42,7302.9,7331.59,0
157,7433.7,7435,7341.87,7341.87,0
158,7441.12,7458.23,7409.43,7443.36,0
161,7436.3,7495.81,7423.84,7495.81,0
162,7479.25,7520.65,7447.03,7447.03,0
163,7467.74,7489.81,7442.72,7489.81,0
164,7490.21,7515.02,7456.4,7475.68,0
165,7467.92,7516.71,7467.92,7502.85,0
168,7431.91,7485.16,7422.44,7482.05,0
169,7506.81,7536.32,7459.5,7459.5,0
170,7496.58,7501.26,7461.07,7495.87,0
171,7505.17,7519.03,7475.09,7486.58,0
172,7477.53,7494.36,7454.85,7479.57,0
175,7468.22,7523.54,7457.75,7504.45,0
176,7361.94,7445.08,7359.83,7440.56,0
177,7391.15,7405.3,7368.4,7379.48,0
178,7371.44,7404.94,7360.1,7372.06,0
179,7397.06,7406.52,7363.25,7363.25,0
182,7450.53,7462.15,7389.68,7430.4,0
183,7451.35,7479.01,7440.03,7471.31,0
184,7367.44,7429.93,7364.68,7429.93,0
185,7326.72,7390.76,7313.56,7383.04,0
186,7424.91,7446.1,7409.88,7434.43,0
189,7482.74,7482.74,7435.34,7435.34,0
190,7485.13,7509.16,7468.18,7497.23,0
191,7570.45,7571.42,7515.04,7518.68,0
192,7578.8,7594.76,7557.28,7577.16,0
193,7738.05,7738.05,7660.38,7660.38,0
196,7762.22,7778.06,7725.9,7768.45,0
197,7734.26,7757.04,7714.43,7740.57,0
198,7781.91,7781.91,7726.35,7739.52,0
199,7727.55,7785.47,7704.61,7781.81,0
200,7754.59,7765.01,7737.03,7763.29,0
203,7768.3,7781.55,7706.95,7760.33,0
204,7734.13,7789.39,7720.44,7766.44,0
205,7669.63,7708.9,7649.5,7702.77,0
206,7683.8,7699.23,7658.51,7665.89,0
207,7715.16,7721.29,7665.35,7704.23,0
210,7675.72,7707.89,7657.88,7702.12,0
211,7718.68,7726.61,7683.03,7703.1,0
212,7684.63,7727.53,7680.98,7727.48,0
213,7682.34,7689.08,7621.38,7678.48,0
214,7690.65,7721.93,7675.48,7694.05,0
217,7615.89,7707.97,7612.87,7707.97,0
218,7592.01,7631.96,7590.75,7593.58,0
220,7451.72,7501.22,7448.06,7494.58,0
221,7437.04,7478.51,7398.8,7456.51,0
224,7418.9,7433.68,7392.61,7433.22,0
225,7471.02,7471.02,7437.79,7437.79,0
226,7464.4,7518.36,7450.29,7505.41,0
227,7465.41,7495.45,7448.06,7474.07,0
228,7408.76,7449.22,7402.66,7443.61,0
231,7373.04,7373.04,7310.79,7333.24,0
232,7337.48,7375.5,7326.39,7367.46,0
233,7314.88,7348.45,7274.88,7288.14,0
234,7262.08,7339.21,7260,7329.5,0
235,7134.06,7298.48,7132.77,7291.98,0
238,7091.67,7165.1,7091.19,7147.2,0
239,7182.59,7206.35,7131.15,7131.15,0
240,7166.05,7222.84,7139.17,7220.02,0
241,7179.64,7188.23,7050.05,7141.97,0
242,7210.47,7235.13,7199.57,7232.2,0
245,7185.36,7216.3,7161.7,7200.77,0
246,7236.68,7236.68,7165.58,7223.02,0
247,7287.18,7287.18,7220.04,7249.75,0
248,7242.63,7242.63,7190.99,7229,0
249,7293.22,7302.27,7170.29,7206.16,0
252,7267.75,7307.59,7264.02,7303.93,0
253,7136.05,7262.65,7129.87,7262.65,0
254,7159.75,7165.86,7107.78,7141.58,0
255,7143.84,7158.74,7066.28,7132.02,0
256,7130.07,7194.28,7108.84,7125.24,0
259,7129.04,7162.12,7125.21,7134.71,0
260,7145.77,7189.1,7141.16,7179.1,0
261,7088.49,7169.4,7061.87,7150.24,0
262,7105.76,7134.78,7097.38,7116.8,0
263,7326.01,7326.01,7148.97,7148.97,0
266,7407.37,7407.37,7370.28,7372.38,0
267,7430.2,7436.78,7384.97,7408.74,0
268,7434.93,7434.93,7385.91,7418.42,0
269,7503.55,7521.52,7466.49,7468.93,0
270,7580.17,7590.69,7515.15,7519.07,0
273,7599.91,7628.29,7562.19,7582.65,0
274,7600.98,7600.98,7536.66,7572.11,0
275,7649.05,7650.12,7567.46,7575.63,0
276,7623.26,7673.62,7616.79,7660.97,0
277,7642.26,7672.92,7631.63,7640.25,0
280,7609.5,7669.05,7603.25,7658.39,0
281,7613.69,7630.66,7556.67,7621,0
282,7690.19,7696.02,7645.54,7653.9,0
283,7757.09,7757.09,7699.41,7713.69,0
284,7698.77,7723.74,7686.32,7722.88,0
287,7631.28,7683.32,7603.51,7664.97,0
288,7643.74,7643.74,7616.04,7620.29,0
289,7677.47,7685.63,7647.01,7671.13,0
290,7595.46,7646.13,7574.56,7646.13,0
291,7519.93,7608.81,7491.52,7592.57,0
292,7540.14,7546.9,7520.8,7537.52,0
294,7535.52,7566.09,7527.26,7542.84,0
295,7636.57,7654.6,7543.83,7556.24,0
296,7634.19,7683.09,7633.83,7646.51,0
297,7648.41,7661.01,7622.73,7634.8,0
298,7699.5,7708.31,7665.04,7700.87,0
303,7779.22,7793.48,7715.26,7738.05,0
304,7836.84,7855.16,7815.29,7826.34,0
305,7805.99,7818.27,7773.06,7818.27,0
308,7755.09,7797.05,7725.47,7797.05,0
309,7721.66,7751.8,7692.98,7737.07,0
310,7738.64,7763.97,7703.23,7726.4,0
311,7811.64,7825.06,7760.09,7780.98,0
312,7819.15,7845.36,7801.69,7843.57,0
315,7823.97,7823.97,7731.32,7795.68,0
316,7765.02,7823.51,7744.39,7823.51,0
317,7700.43,7769.18,7700.43,7766.09,0
318,7616.64,7774.97,7603.27,7748.57,0
319,7732.87,7732.87,7676.11,7697.28,0
322,7724.92,7739.37,7674.18,7725.36,0
323,7759.1,7759.47,7699.25,7746.79,0
324,7744.18,7773.2,7730.1,7773.2,0
325,7695.99,7724.68,7653.62,7717.04,0
326,7672.58,7704.31,7637.2,7695.25,0
329,7714.67,7717.35,7685.67,7685.67,0
330,7802,7802,7739.6,7744.15,0
331,7832.98,7847.21,7804.71,7832.95,0
332,7850.02,7850.02,7800.9,7832.87,0
333,7855.97,7866.23,7832,7853.75,0
336,7923.16,7929.97,7880.29,7882.76,0
337,7886.94,7896.67,7863.91,7896.67,0
338,7906.65,7941.65,7906.65,7925.26,0
350,7943.53,8005.73,7927.95,8000.69,0
351,7960.88,7974.4,7946.09,7974.4,0
352,8029.1,8029.1,7995.16,8021.31,0
353,7957.46,8020.52,7957.46,8020.52,0
354,7947.72,7970.24,7913.16,7947.88,0
357,7947.68,7995.11,7947.68,7986.87,0
358,7880.9,7927.49,7871.23,7891.41,0
359,7897.98,7912.85,7873.29,7886.03,0
361,7964.63,7964.63,7917.72,7917.72,0
364,7867.34,7944.22,7849.52,7943.54,0
365,7932.71,7939.85,7882.56,7910.44,0
366,7950.3,7982.39,7936.86,7958.11,0
367,7960.51,7984.29,7942.37,7950.9,0
368,8015.14,8029.14,7981,7981,0
371,8038.72,8089.21,8001.85,8021.88,0
372,7994.71,8063.23,7986.59,8039,0
373,7995.51,8047.56,7962.42,8018.9,0
374,7951.76,8002.71,7946.29,8002.42,0
375,7927.49,7999.92,7924.94,7989.67,0
378,7811.34,7888.16,7807.61,7886.69,0
379,7838.47,7863.77,7823.81,7843.47,0
380,7798.03,7844.54,7786.56,7834.73,0
381,7811.84,7843.16,7811.84,7828.95,0
382,7796.22,7832.59,7796.22,7811.52,0
385,7856.12,7877.05,7854.47,7862.58,0
386,7856.36,7876.68,7845.56,7873.7,0
387,7894.12,7894.26,7857.32,7872.75,0
388,7866.88,7905.71,7844.84,7905.71,0
389,7918.61,7931.7,7883.81,7904.5,0
392,7899.24,7937.73,7896.57,7934.25,0
393,7913.18,7924.46,7879.55,7897.16,0
394,7942.35,7954.15,7913.77,7949.12,0
399,7752.79,7843.1,7747.47,7831.22,0
400,7728.54,7781.13,7714.93,7766.62,0
401,7752.8,7772.95,7739.99,7772.95,0
402,7857.98,7857.98,7788.58,7788.58,0
403,7821.63,7864.86,7810.54,7861.12,0
406,7763.53,7835.12,7753.24,7815.32,0
407,7801.05,7801.05,7688.62,7690.91,0
408,7809.07,7822.81,7791.53,7822.81,0
409,7791.35,7826.13,7757.33,7781.48,0
410,7930.8,7933.72,7862.92,7868.9,0
413,7970.38,7996.55,7950.01,7976.1,0
414,7942.77,7968.79,7913.6,7955.92,0
415,8023.71,8025.45,7968.28,7977.4,0
416,8021.75,8026.46,7994.19,8015.38,0
417,8022.06,8081.37,8020.47,8034.47,0
420,8029.74,8046.22,8014.27,8043.71,0
421,8093.66,8115.59,8065.92,8065.92,0
423,8128.51,8139.49,8095.7,8111.43,0
424,8135.03,8175.33,8121.07,8157.51,0
427,8169.05,8197.52,8153.96,8188.48,0
428,8163.06,8181.8,8145.1,8177.58,0
429,8267.09,8284.09,8177.94,8177.94,0
430,8285.89,8322.69,8279.46,8314.37,0
431,8280.26,8297.33,8258.62,8284.38,0
434,8248.32,8296.54,8230.65,8285.45,0
435,8251.82,8295.41,8233.98,8272.2,0
436,8318.59,8320.32,8251.51,8264.1,0
437,8390.05,8414.88,8346.45,8362.49,0
438,8368.19,8402.34,8356.79,8377.26,0
441,8377.05,8385.68,8347.33,8364.95,0
442,8383.05,8420.68,8361.96,8381.36,0
443,8398.84,8439.15,8376.21,8414.06,0
444,8237.83,8373.09,8235.5,8367.85,0
445,8209.78,8277.56,8173.16,8273.21,0
448,8280.1,8280.1,8210.32,8218.88,0
449,8263.05,8303.71,8261.54,8289.15,0
450,8337.9,8344.21,8303.2,8303.2,0
451,8243.29,8316.97,8228.8,8316.97,0
452,8254.8,8334.44,8237.08,8318.77,0
455,8201.02,8225.79,8149.45,8177.97,0
456,8191.22,8250.17,8180.39,8243.22,0
457,8181.91,8216.31,8161.1,8195.52,0
458,8096.14,8162.25,8088.31,8135.56,0
459,8095.2,8146.78,8071.98,8113.95,0
462,8160.55,8190.87,8142.71,8161.51,0
463,8116.15,8178.95,8116.15,8178.95,0
465,7951.66,8057.33,7951.66,8041.5,0
466,7937.74,7989.19,7912.37,7978.75,0
469,7992.89,7999.43,7940.72,7953.65,0
470,8011.02,8024.95,7955.74,7994.81,0
471,8007.39,8056.19,8005.57,8033.32,0
472,7898.91,7962.76,7890.93,7952.36,0
473,7793.31,7815.79,7739.09,7778.84,0
476,7758.03,7815.1,7744.49,7788.45,0
477,7663.23,7792.27,7663.23,7750.34,0
478,7784.8,7821.14,7742.2,7789.34,0
479,7883.9,7884.13,7834.33,7841.32,0
480,8062.21,8062.21,7891.06,7928.54,0
483,8036,8063.47,7974.15,8011.95,0
484,8015.86,8064.12,8012.79,8061.84,0
485,7911.42,7995.3,7899.08,7991.53,0
486,7893.72,7927.08,7877.06,7919.26,0
487,8001.82,8018.93,7926.35,7932.3,0
490,7886.34,7992.16,7885,7980.11,0
491,7971.18,7975.64,7891.37,7891.53,0
492,8011.69,8057.92,7974.99,7974.99,0
493,8179.54,8179.54,8080.97,8080.97,0
494,8220.49,8220.49,8169.92,8187.86,0
497,8254.68,8254.68,8175.55,8178.26,0
498,8260.11,8260.11,8222.17,8243.62,0
499,8258.95,8260.25,8208.71,8239.1,0
500,8194.88,8265.7,8181.99,8238.28,0
501,8062.03,8139.81,8046.7,8117.94,0
504,8105.45,8137.37,8092.03,8092.03,0
505,8214.65,8220.89,8145.09,8152.72,0
506,8196.19,8233.1,8172.23,8222.85,0
507,8163.58,8203.49,8140.41,8173.19,0
508,8149.4,8222.82,8135.73,8188.36,0
511,8084.5,8163.89,8074.29,8146.14,0
512,8163.55,8176.74,8112.91,8113.17,0
513,8107.94,8170.57,8107.6,8163.44,0
514,8056.22,8113.4,8056.22,8110.73,0
515,8099.88,8162.91,8087.1,8114.51,0
518,8138.63,8143.44,8075.99,8104.2,0
519,8038.91,8129.85,8028.93,8129.85,0
520,7921.29,7993.57,7921.29,7993.57,0
521,7907.67,7932.35,7894.18,7910.2,0
522,7856.14,7955,7853.97,7955,0
525,7903.38,7908.68,7862.04,7878.22,0
526,7986.27,7986.27,7935.79,7935.79,0
527,7951.33,7981.56,7926.23,7978.74,0
528,7887.26,7916.02,7850.27,7903.01,0
529,7925,7949.43,7850.49,7854.68,0
532,7900.21,7944.74,7888.87,7937.45,0
533,7832.65,7924.52,7829.78,7896.38,0
535,7814.38,7825.56,7737.33,7779.44,0
536,7873.31,7895.13,7845.92,7863.73,0
539,7894.97,7913.74,7874.05,7906.52,0
540,7820.84,7895.23,7820.84,7875.93,0
541,7824.54,7834.11,7761.76,7776.87,0
542,7917.66,7931.05,7841.99,7841.99,0
543,8021.89,8021.89,7936.82,7949.99,0
546,8038.86,8052.71,7993.13,8010.15,0
547,8088.37,8102.66,8067.62,8095.66,0
548,8083.44,8094.12,8041.49,8066.67,0
549,8169.1,8169.1,8107.22,8109.24,0
550,8164.2,8182.56,8155.5,8180.53,0
553,8192.11,8192.11,8117.87,8176.47,0
554,8208.77,8238.91,8155.87,8217.21,0
555,8208.99,8208.99,8137.07,8174.54,0
556,8225.36,8226.61,8177.03,8180.38,0
557,8168.2,8228.67,8162.14,8210.15,0
560,8255.34,8255.34,8189.61,8189.61,0
561,8249.78,8249.78,8218.94,8241.03,0
562,8209.18,8263.05,8209.18,8248.18,0
567,8292.83,8293.03,8221.34,8226.8,0
568,8299.12,8310.94,8265.55,8295.5,0
569,8283.9,8285.28,8253.43,8283.6,0
570,8184.68,8290.1,8184.68,8290.1,0
571,8230.68,8244.86,8207.72,8222.13,0
574,8173.87,8204.4,8137.11,8174.86,0
575,8187.02,8222.38,8172.79,8173.99,0
576,8216.52,8228.81,8204.34,8215.96,0
577,8359.02,8376.79,8231.68,8231.68,0
578,8364.55,8376.06,8336.61,8345.82,0
581,8333.66,8361.5,8323.79,8354.91,0
582,8375.65,8375.65,8311.59,8340.33,0
583,8344.73,8378.37,8330.79,8352.25,0
585,8349.37,8433.53,8349.37,8407.45,0
588,8273.96,8343.65,8269.16,8339.99,0
589,8367.88,8368.02,8320.48,8320.48,0
590,8332.18,8384.03,8332.18,8384.03,0
591,8374.68,8415.16,8364.89,8390.88,0
592,8441.19,8441.19,8390.32,8416.33,0
595,8419.32,8459.3,8400.06,8456.68,0
596,8418.27,8425.31,8376.27,8407.62,0
597,8393.62,8438.95,8380.15,8419.8,0
598,8413.72,8413.72,8346.52,8364.45,0
599,8346.62,8390.25,8322.15,8380.31,0
602,8407.83,8414.81,8348.42,8365.43,0
603,8420.98,8432.9,8380.21,8394.85,0
604,8465.06,8465.06,8419.21,8429.4,0
605,8450.06,8469.58,8424.47,8437.76,0
606,8388.18,8476.63,8378.94,8474.47,0
609,8354.14,8371.83,8333.63,8371.83,0
610,8262.2,8372.8,8262.2,8354.92,0
611,8281.97,8297.57,8232.5,8275.07,0
612,8283.71,8298.06,8250.72,8298.06,0
613,8229.59,8266.72,8216.33,8235.3,0
616,8182.56,8242.41,8168.92,8228.9,0
617,8195.26,8233.62,8160.17,8233.62,0
618,8104.26,8199.26,8104.26,8199.26,0
619,8134.91,8161.7,8100.73,8137.82,0
620,8177.12,8210.1,8160.28,8168.9,0
623,8191.46,8226.61,8186.47,8201.85,0
624,8260.21,8260.82,8215,8215,0
625,8204.46,8262.91,8204.46,8250.31,0
626,8099.45,8203.45,8093.82,8197.86,0
627,8116.78,8142.72,8107.98,8107.98,0
630,8187.51,8217.62,8182.9,8182.9,0
631,8248.02,8281.38,8187.28,8200.7,0
632,8295.88,8312.32,8279.51,8287.63,0
633,8362.43,8377.81,8320.65,8320.65,0
634,8406.83,8414.79,8365.32,8374.14,0
637,8414.61,8437.13,8391.82,8429.24,0
638,8392.55,8418.23,8390.73,8407.74,0
639,8418,8435.23,8375.79,8379.44,0
640,8375.54,8437.6,8362.39,8430.53,0
641,8367.72,8410.19,8361.99,8372.61,0
644,8444.62,8477.87,8433.81,8439.76,0
645,8443.39,8459.49,8421.59,8451.81,0
646,8433.77,8501.77,8413.52,8450.96,0
647,8361.33,8406.93,8361.33,8405.62,0
648,8376.94,8391.82,8346.83,8355.01,0
651,8313.87,8374.21,8313.87,8368.83,0
652,8352.93,8384.26,8351.98,8351.98,0
653,8349.04,8375.52,8333.31,8361.75,0
654,8407.4,8426.08,8378.78,8400.39,0
655,8408.53,8439.37,8392.38,8400.21,0
658,8456.46,8477.47,8441.16,8441.16,0
659,8450.49,8478.09,8450.49,8473.02,0
660,8467.76,8484.05,8457.87,8461.49,0
661,8485.89,8492.71,8465.85,8467.73,0
662,8535.04,8543.5,8488.44,8490.73,0
665,8623.43,8623.43,8552.13,8552.13,0
666,8611.51,8647.24,8593.75,8636.5,0
668,8612.54,8632.81,8587.54,8618.6,0
669,8546.54,8584.74,8537.86,8584.74,0
672,8500.01,8568.24,8488.64,8553,0
673,8512.3,8547.19,8512.3,8515.36,0
674,8556.01,8587.08,8548.61,8548.61,0
675,8514.68,8569.11,8506.02,8555.8,0
676,8529.35,8559.18,8521.5,8559.18,0
679,8566.2,8607.23,8558.96,8587.49,0
680,8548.14,8568.31,8523.46,8545.46,0
681,8602.55,8619.56,8567.81,8567.81,0
682,8612.11,8668.95,8610.24,8653.54,0
683,8596,8628.86,8580.49,8628.49,0
686,8621.56,8636.21,8584.5,8595.59,0
687,8599.9,8650.14,8599.9,8639.71,0
688,8625.3,8633.57,8596.99,8598.98,0
689,8595.1,8647.87,8595.1,8644.56,0
690,8598.31,8608.64,8577.14,8581.49,0
693,8462.57,8519.48,8442.19,8519.48,0
702,8264.48,8313.83,8230.46,8290.17,0
703,8311.01,8333.56,8284.77,8286.16,0
704,8387.35,8409.03,8356.93,8383.99,0
707,8391.95,8447.02,8391.95,8416.42,0
708,8430.56,8439.33,8401.54,8413.86,0
709,8510.87,8510.87,8471.51,8471.51,0
710,8467.7,8511.02,8467.7,8506.22,0
711,8513.68,8566.99,8508.24,8524.54,0
714,8519.55,8558.5,8512.6,8537.83,0
715,8556.23,8556.23,8506.06,8530.81,0
716,8577.01,8577.01,8543.15,8565.06,0
717,8524.62,8567.5,8513.08,8555.27,0
718,8601.86,8612.08,8571.29,8571.29,0
721,8560.61,8612.21,8541.65,8603.61,0
722,8575.62,8598.73,8564.51,8581.14,0
723,8600.86,8626.68,8563.87,8569.04,0
724,8639.58,8647.9,8615.41,8626.51,0
728,8601.98,8628.05,8545.24,8627.15,0
729,8554.54,8595.59,8554.54,8583.58,0
730,8632.93,8652.22,8622.19,8622.19,0
731,8713.79,8719.17,8660.29,8660.29,0
732,8713.96,8787.62,8698.6,8754.74,0
735,8665.24,8712.88,8651.54,8706.43,0
736,8702.33,8716.31,8684.63,8694.96,0
737,8684.73,8684.73,8651.99,8671.4,0
738,8747.79,8768.66,8732.15,8737.81,0
739,8687.63,8709.56,8677.81,8697.73,0
742,8700.1,8708.4,8662.49,8697.26,0
743,8731.94,8759.55,8713.51,8747.38,0
744,8689.46,8749.8,8682.75,8745.02,0
745,8597.33,8638.59,8580.4,8638.59,0
746,8577.17,8642.82,8562.57,8642.82,0
749,8605.38,8605.38,8508.01,8540.27,0
750,8689.3,8689.3,8589.19,8589.19,0
751,8737.27,8746.71,8717.79,8741.03,0
752,8779.57,8780.42,8723.82,8737.56,0
753,8774.64,8812.41,8751.07,8779.91,0
756,8849.28,8849.28,8769.97,8802.93,0
757,8873.15,8873.15,8826.16,8847.34,0
758,8905.45,8922.79,8883.14,8906.52,0
759,8888.54,8913.74,8871.16,8902.94,0
763,8876.44,8876.44,8828.59,8844.91,0
764,8888.25,8899.12,8860.7,8878.88,0
765,8930.57,8936.57,8912.39,8912.39,0
766,8948.1,8978.52,8898.3,8964.34,0
767,8908.05,8909.97,8848.24,8900.13,0
770,8857.42,8899.51,8852.66,8897.23,0
771,8916.71,8918.94,8889.44,8898.65,0
772,8923.82,8968.56,8894.29,8921.07,0
773,8944.16,8962.66,8921.56,8942.23,0
774,8966.66,9002.7,8945.56,8994.77,0
777,8951.19,8965.58,8938.47,8961.52,0
778,8974.71,8989.06,8955.19,8956.22,0
779,8956.92,9022.28,8947.86,9009.59,0
780,8945.45,8971.94,8926.55,8968.82,0
781,8774.12,8951.06,8749.51,8945.81,0
784,8809.71,8825.93,8671.65,8680.14,0
785,8872.11,8884.48,8833.37,8845.6,0
786,8791.44,8890.09,8791.44,8885.7,0
788,8867.32,8875.9,8839.92,8846.86,0
791,8870.43,8911.08,8844.45,8895.87,0
792,8912.39,8927.39,8853.72,8888.45,0
793,8893.22,8911.03,8856.98,8903.72,0
794,8930.9,8941.46,8891.74,8925.21,0
795,8889.69,8945.63,8878.32,8943.14,0
798,8808.61,8898.31,8803.43,8893.72,0
799,8817.94,8886.66,8809.06,8865.61,0
800,8875.16,8875.16,8812.19,8842.05,0
801,8880.65,8880.65,8839.44,8852.92,0
802,8888.45,8896.72,8816.92,8857.12,0
805,8899.9,8912.19,8877.46,8901.54,0
806,8887.79,8930.79,8887.79,8922.08,0
807,8862.42,8905.04,8848.53,8894.16,0
808,8969.63,8969.63,8899.82,8899.82,0
809,9008.22,9008.22,8960.79,8960.79,0
812,9036.12,9053.75,9026.77,9040.49,0
813,9055.29,9059.19,9035.69,9045.08,0
814,9121.71,9125.14,9069.89,9072.04,0
815,9109,9131.66,9093.57,9123.46,0
816,9075.91,9139.57,9075.91,9130.66,0
820,9123.46,9128.34,9070.45,9106.61,0
821,9119.96,9140.55,9114.18,9135.01,0
822,9140.72,9140.72,9094.13,9127.56,0
823,9134.46,9174.77,9122.56,9167.83,0
826,9162.74,9166.58,9138.93,9153.93,0
827,9222.37,9222.37,9171.75,9181.9,0
828,9229.8,9229.8,9204.76,9218.5,0
829,9204.65,9220.89,9186.79,9209.99,0
830,9196.39,9207.74,9171.51,9192.73,0
833,9202.93,9214.19,9179.56,9196.23,0
834,9240.6,9249.87,9200.86,9223.02,0
835,9279.93,9316.64,9204.35,9257.65,0
836,9316.81,9324.4,9283.38,9288.69,0
837,9273.79,9339.83,9273.79,9330.35,0
840,9228.35,9302.65,9225.73,9293.06,0
841,9246.2,9276.24,9232.35,9232.35,0
842,9242.16,9255.87,9229.8,9250.13,0
843,9320.94,9320.94,9271.35,9273.36,0
844,9306.83,9330.95,9303.57,9316.89,0
847,9393.07,9393.07,9327.89,9332.44,0
848,9441.92,9463.06,9374.28,9393.07,0
849,9484.96,9547.05,9421.87,9482,0
850,9526.23,9538.65,9449.78,9468.78,0
851,9510.05,9550.11,9482.94,9525.93,0
854,9520.2,9520.2,9454.67,9497.27,0
855,9530.98,9540.57,9499.17,9515.18,0
856,9489.98,9522.99,9478.76,9510,0
857,9565.12,9568.75,9512.89,9512.89,0
858,9495.84,9591.27,9478.07,9561.71,0
861,9520.3,9545.99,9488.12,9497.81,0
862,9569.17,9593.68,9547.94,9558.42,0
863,9484.73,9574.13,9471.65,9570.33,0
864,9408.24,9461.86,9373.87,9420.11,0
865,9400.97,9421.34,9335.38,9335.38,0
868,9440.97,9480.14,9426.3,9453.78,0
869,9499.36,9499.36,9418.74,9453.23,0
871,9527.54,9538.07,9483.52,9508.26,0
872,9439.29,9528.7,9412.48,9519.99,0
875,9420.18,9460.43,9385.56,9415.9,0
876,9391.88,9483.75,9357.32,9457.8,0
877,9447.02,9456.03,9398.82,9409.62,0
878,9315.85,9438.97,9313.87,9436.04,0
879,9266.51,9274.64,9201.83,9223.75,0
882,9330.19,9330.19,9258.18,9280.29,0
883,9141.44,9316.82,9141.44,9316.82,0
884,9143.97,9163.81,9070.09,9148.36,0
885,9131.44,9172.88,9108.85,9162.65,0
886,9085.96,9120.2,9014.89,9120.2,0
889,9172.91,9184.96,9107.21,9109.83,0
890,9163.12,9198.1,9146.98,9188.85,0
891,9231.31,9231.66,9147.14,9155.02,0
892,9230.61,9282.01,9218.55,9276.41,0
893,9206.81,9243.67,9172.91,9243.67,0
896,9141.31,9222.73,9128.66,9222.73,0
897,9243.78,9255.09,9188.63,9188.63,0
898,9288.05,9294.49,9249.31,9278.15,0
899,9253.38,9289.02,9217.97,9286.82,0
900,9380.1,9380.6,9271.87,9273.07,0
903,9390.62,9409.35,9369.24,9393.24,0
904,9393.96,9418.77,9386.49,9394.28,0
905,9485.59,9491.75,9426.29,9426.29,0
906,9478.37,9502.42,9453.49,9499.22,0
907,9436.27,9470.15,9425.35,9459.81,0
910,9513.06,9532.66,9472.96,9474.41,0
911,9399.72,9503.65,9388.13,9503.65,0
912,9450.35,9455.78,9396.79,9434.88,0
913,9428.89,9439.76,9389.29,9439.76,0
914,9407.94,9451.39,9365.7,9446.45,0
918,9434.77,9465.93,9426.99,9452.14,0
919,9357.61,9410.62,9309.05,9410.62,0
920,9322.95,9381.05,9322.95,9376.38,0
921,9223.18,9333.28,9223.18,9324.74,0
924,9217.46,9242.23,9175.61,9206.41,0
925,9133.4,9219.42,9133.4,9218.85,0
926,9195.17,9252.38,9159.85,9171.04,0
927,9237.03,9237.88,9201.91,9211.8,0
928,9240.45,9289.22,9235.44,9268.44,0
931,9134.65,9220.54,9106.27,9220.54,0
932,9084.9,9147.21,9084.9,9134.29,0
933,9098.49,9123.11,9071.8,9071.8,0
934,9011.59,9149.41,8982.51,9126.76,0
935,8989.82,9001.98,8913.51,8957.56,0
938,8960.76,9018.46,8948.09,9018.46,0
939,8966.92,8998.83,8860.17,8954.58,0
940,8990.26,9014.26,8918.96,8958.87,0
941,8975.19,9010.27,8913.01,8959.37,0
942,9106.28,9113.8,8998.27,9010.3,0
945,9095.14,9122.54,9065.34,9118.28,0
946,9040.81,9074.8,8993.45,9065.67,0
947,8955.18,9038.61,8955.18,8989.99,0
948,8966.44,9054.67,8946.16,9021.31,0
952,8711.39,8795.77,8711.39,8767.42,0
953,8768.39,8768.39,8684.19,8691.83,0
954,8655.51,8776.91,8635.41,8769.39,0
955,8633.69,8676.46,8501.29,8602.65,0
956,8512.88,8699.77,8512.88,8688.71,0
959,8663.14,8679.85,8611.17,8617.08,0
960,8654.64,8676.32,8636.67,8676.32,0
961,8748.83,8775.35,8729.77,8744.91,0
962,8731.07,8751.67,8714.88,8735.38,0
963,8646.01,8750.42,8629.24,8740.28,0
966,8627.78,8689.67,8607.23,8671.51,0
967,8773.55,8788.28,8692.52,8692.52,0
968,8903.68,8903.68,8821.85,8821.85,0
969,8888.07,8892.99,8842.8,8890.19,0
970,8974.76,8974.76,8885.21,8909.34,0
973,9004.86,9029.71,8965.5,9009.38,0
974,8989.18,9046.22,8980.96,9030.96,0
975,8962.6,9013.06,8941.18,8997.76,0
976,8891.02,8979.97,8887.36,8968.79,0
977,8912.62,8925.62,8867.78,8881.19,0
980,9049.98,9062.89,8937.59,8937.59,0
981,9034.14,9069.44,9021.54,9067.54,0
982,8918.95,9030.13,8894.11,9030.13,0
983,8980.67,8980.67,8927.09,8947.97,0
984,8982.88,8996.38,8950.23,8992.4,0
987,8884.39,9024,8878.38,9003.37,0
988,8859.07,8944.26,8828.15,8916.08,0
989,8963.24,8988.64,8879.29,8896.16,0
990,9078.87,9078.87,8984.93,8984.93,0
991,9091.53,9111.18,9071.86,9104.34,0
994,9122.33,9165.71,9104.54,9144.42,0
995,9116.24,9153.55,9098.32,9125.27,0
996,9122.39,9146.04,9112.19,9125.08,0
997,9165.31,9217.73,9153.49,9153.49,0
998,9187.15,9201.8,9158.28,9163.19,0
a1417411800,9117.71,9164.54,8998.55,9038.41,0
1,9034.79,9104.84,9009.69,9098.36,0
2,9175.26,9188.32,9045.2,9073.47,0
3,9225.11,9251.85,9195.15,9212.85,0
4,9206.57,9240.51,9192.29,9220.25,0
7,9187.29,9241.63,9174.51,9231.24,0
8,9128.9,9177.14,9127.12,9163.43,0
9,9032.16,9140.49,9015.52,9115.33,0
10,9013.07,9046.4,8971.53,9003.84,0
11,9027.33,9084.27,9022.56,9041.54,0
14,8985.63,8997.08,8943.04,8987.95,0
15,8950.91,9031.07,8950.91,8967.82,0
16,8828.36,8972.12,8826.03,8961.64,0
17,8878.63,8946.42,8876.88,8912.78,0
18,8999.52,9035.77,8953.17,8981.85,0
21,9095,9099.85,9024.01,9032.42,0
22,9097.71,9138.15,9093.43,9123.78,0
23,9186.18,9186.18,9096.48,9096.48,0
24,9158.7,9198.04,9153.77,9186.83,0
25,9214.07,9214.07,9158.39,9171.91,0
a1419661800,9218.5,9218.5,9218.5,9218.5,0
a1419831000,9286.28,9313.33,9216.43,9216.43,0
1,9268.43,9338.06,9262.7,9299.1,0
2,9307.26,9307.26,9252.31,9260.46,0
7,9274.11,9292.31,9182.02,9292.31,0
8,9048.34,9209.93,9043.44,9209.93,0
9,9080.09,9108.66,9050.54,9051.94,0
10,9238.03,9246.62,9154.03,9154.03,0
11,9215.58,9284.57,9215.58,9247.4,0
14,9178.3,9229.65,9178.3,9198.02,0
15,9231.8,9253.82,9161.71,9162.77,0
16,9180.23,9242.2,9161.71,9235.9,0
17,9165.09,9219.43,9149.1,9197.32,0
18,9138.29,9256.86,9109.46,9245.77,0
21,9174.06,9247.09,9151.82,9183.76,0
22,9251.69,9259.31,9177.48,9188.76,0
23,9319.71,9319.71,9275.68,9283.79,0
24,9369.51,9386.56,9336.81,9336.81,0
25,9470.94,9471.8,9422,9422,0
28,9477.67,9478.53,9436.47,9474.56,0
29,9521.59,9523.73,9471.19,9505.56,0
30,9510.92,9515.29,9471.31,9503.2,0
31,9426.9,9482.13,9403.75,9479.36,0
32,9361.91,9466.65,9361.91,9452.85,0
35,9386.99,9410.43,9352.19,9368.83,0
36,9448.73,9460.17,9394.47,9394.47,0
37,9513.92,9533.88,9477.52,9477.52,0
38,9512.05,9517.42,9472.42,9511.06,0
39,9456.18,9521.88,9448.65,9521.88,0
42,9421.5,9465.12,9413.18,9465.12,0
43,9393.7,9435.07,9390.13,9405.59,0
44,9462.22,9488.72,9430.17,9430.17,0
45,9496.31,9500.35,9447.19,9496.39,0
46,9529.51,9542.09,9499.97,9500.04,0
57,9629.37,9638.48,9582.39,9582.39,0
58,9699.54,9699.54,9653.77,9655.72,0
59,9622.1,9688.07,9610.59,9687.48,0
63,9601.36,9690.43,9588.36,9665.11,0
64,9605.77,9642.95,9571.64,9628.06,0
65,9621.73,9635.18,9580.78,9596.24,0
66,9595.09,9631.04,9564.44,9627.04,0
67,9645.77,9645.77,9574.55,9587.59,0
70,9562.98,9617.04,9549.76,9617.04,0
71,9536.53,9583.78,9520.33,9566.25,0
72,9523.18,9561.81,9472.54,9503.28,0
73,9596,9608.02,9530.74,9537.23,0
74,9579.35,9633.51,9579.35,9608.44,0
77,9512.91,9590.76,9512.91,9583.45,0
78,9539.44,9629.8,9539.44,9555.1,0
79,9653.43,9653.43,9561.5,9563.74,0
80,9736.73,9745.59,9668.01,9668.01,0
81,9749.69,9749.69,9705.32,9706.35,0
84,9758.09,9775.63,9729.81,9759.88,0
85,9731.66,9768.71,9701.33,9759.96,0
86,9667.83,9743.58,9653.47,9739.25,0
87,9619.12,9619.12,9540.03,9579.63,0
88,9503.72,9608.44,9503.72,9593.07,0
91,9521.87,9556.25,9503.53,9533.38,0
92,9586.44,9594.75,9527.87,9568.38,0
93,9507.66,9575.11,9503.53,9575.11,0
94,9600.32,9628.95,9535.98,9535.98,0
99,9641.9,9653.97,9613.33,9619.97,0
100,9571.97,9654.67,9562,9646.07,0
101,9568.04,9663.05,9559.71,9597.21,0
102,9617.7,9648.34,9582.84,9626.88,0
105,9666.52,9666.52,9622.59,9622.64,0
106,9642.22,9664.1,9631.19,9646.28,0
107,9540.06,9654.15,9508.14,9629.7,0
108,9656.87,9656.87,9578.71,9578.71,0
109,9570.93,9615.52,9570.93,9608.6,0
112,9552.85,9572.65,9508.57,9541.83,0
113,9533.98,9598.86,9512.64,9554.8,0
114,9613,9630.79,9549.61,9549.61,0
115,9797.49,9814.88,9655.3,9655.3,0
116,9913.28,9961.31,9839.71,9839.71,0
119,9973.12,10002.58,9937.04,9941.18,0
120,9956.83,10014.28,9918.01,9998.08,0
121,9853.83,9978.87,9842.5,9934.82,0
122,9820.05,9894.9,9820.05,9841.15,0
126,9845.04,9871.65,9800.48,9853.51,0
127,9820.13,9855.64,9788.13,9849.13,0
128,9818.2,9829.43,9735.94,9780.39,0
129,9704.11,9789.82,9704.11,9789.82,0
130,9692,9760.51,9692,9724.29,0
133,9663.72,9797.19,9635.88,9763.94,0
134,9680.73,9702.67,9637.21,9637.71,0
135,9724.11,9743.33,9687.66,9697.17,0
136,9610.83,9734.55,9600.24,9730.33,0
137,9579.48,9644.83,9552.86,9638.06,0
140,9606.1,9612.44,9550.76,9603.75,0
141,9716.77,9722.8,9623.95,9623.95,0
142,9685.31,9736.09,9662.86,9726.02,0
143,9578.56,9647.53,9536.16,9647.53,0
144,9638.8,9674.77,9606.51,9606.51,0
147,9645.17,9654.28,9589.32,9654.28,0
148,9669.41,9724.36,9649.62,9688.31,0
149,9693.54,9710.29,9648.71,9666.89,0
150,9712.84,9766.21,9704.93,9741.57,0
151,9701.07,9747.27,9693,9727.59,0
154,9625.69,9692.34,9589.09,9688.13,0
155,9614.26,9657.02,9584.56,9619.88,0
156,9556.52,9645.48,9550.44,9617.75,0
157,9348.63,9558.77,9325.01,9537.09,0
158,9340.13,9371.41,9272.94,9328.02,0
161,9368.43,9419.22,9258.98,9324.22,0
162,9191.87,9363.52,9191.87,9346.11,0
163,9298.5,9334.5,9246.66,9246.66,0
164,9302.49,9358.48,9251.18,9330.99,0
165,9301.93,9339.33,9263.41,9304.75,0
168,9259.48,9324.94,9252.34,9304.66,0
169,9212.78,9272.7,9177.95,9272.7,0
170,9189.83,9242.22,9170.09,9232.81,0
171,9218.37,9243.84,9187.87,9189.44,0
175,9341.77,9371.48,9247.76,9247.76,0
176,9391.14,9438.39,9375.78,9375.78,0
177,9397.31,9409.44,9364.38,9390.27,0
178,9476.34,9500.57,9415.78,9415.78,0
179,9462.57,9489.91,9442.94,9481.95,0
182,9236.1,9358.96,9227.11,9358.96,0
183,9323.02,9323.02,9204.45,9223.27,0
184,9375.23,9404.76,9298.36,9311.76,0
185,9379.24,9400.68,9350.05,9372.46,0
186,9358.23,9369.5,9265.14,9369.5,0
189,9255.96,9347.54,9255.96,9309.86,0
190,9250.16,9332.97,9244.46,9278.33,0
191,8976.11,9225.91,8946.75,9225.91,0
192,8914.13,8946.24,8750.92,8861.28,0
196,9033.92,9041.88,8946.72,8946.72,0
197,9041.76,9124.76,9041.76,9061.58,0
198,9054.2,9089.47,9005.1,9063.54,0
199,9042.21,9085.31,9021.82,9062.76,0
200,9045.98,9079.23,9018,9060.92,0
203,8975,9124.88,8952.64,9085,0
204,9005.96,9010.71,8940.38,8997.56,0
205,8918.7,8968.39,8896.1,8955.59,0
206,8791.12,8895.88,8751.71,8865.36,0
207,8767.86,8811.76,8733.43,8809.65,0
210,8556.68,8733.24,8553.09,8733.24,0
211,8582.49,8635.88,8532,8566.42,0
212,8563.48,8619.41,8516.23,8587.7,0
213,8651.49,8697.18,8567.23,8567.23,0
214,8665.34,8676.29,8591.37,8670.92,0
217,8524.41,8636.53,8482.92,8636.53,0
218,8510.86,8590.3,8433.92,8538.44,0
219,8542.27,8563.01,8486.27,8504.94,0
220,8449.56,8586.24,8404.67,8564.55,0
221,8442.29,8458.04,8368.4,8409.01,0
224,8466.84,8484.18,8374.08,8410.63,0
225,8394.14,8586.22,8393.08,8542.13,0
226,8283.38,8376.59,8235.95,8365.15,0
227,8311.74,8348.39,8271.69,8284.96,0
228,8305.64,8343.98,8283.35,8315.14,0
231,8213.42,8308.54,8213.42,8307.9,0
232,8177.22,8277.22,8166.77,8237.08,0
233,8021.84,8182.81,7987.57,8182.81,0
234,8029.81,8063.8,7951.72,8008.68,0
235,7786.92,7941.95,7786.92,7941.95,0
238,7410.34,7719.63,7203.07,7719.63,0
239,7675.64,7677.93,7368.47,7427.36,0
240,7715.59,7762.45,7547.61,7636.12,0
241,7824.55,7856.4,7762.63,7762.63,0
242,8019.18,8039.76,7923.77,7923.77,0
245,8174.92,8174.92,7961.77,8026.62,0
246,8017.56,8119.9,8002.18,8117.5,0
247,8035.29,8068.06,7907.31,7970.4,0
248,8095.95,8101.13,8007.48,8071.37,0
249,8000.6,8128.23,7990.86,8087.62,0
252,7986.56,8053.2,7957.8,7990.76,0
253,8001.5,8031.26,7978.78,7993.1,0
254,8286.92,8296.13,8097.22,8097.22,0
255,8268.68,8274.82,8214.5,8247.64,0
256,8305.82,8313.18,8233.14,8271.25,0
259,8307.29,8360.03,8259.31,8332.57,0
260,8259.99,8327.95,8226.07,8320.22,0
261,8333.29,8342.36,8276.94,8298.13,0
262,8445.5,8467.15,8377.31,8377.31,0
263,8462.14,8488.53,8399.71,8427.52,0
266,8307.04,8404.5,8285.43,8404.5,0
267,8365.92,8365.92,8325.78,8331.44,0
268,8193.42,8310.82,8186.22,8310.82,0
269,8123.1,8257.14,8101.9,8224.23,0
270,8132.35,8152.5,8061.87,8131.49,0
275,8181.24,8181.24,8059.68,8097.15,0
276,8295.94,8317.79,8170.78,8194.3,0
277,8305.03,8320.66,8253.75,8290.43,0
280,8352.36,8364.59,8316.83,8342.99,0
281,8394.1,8482.83,8390.89,8409.31,0
282,8495.23,8495.23,8385.04,8398.53,0
283,8445.96,8544.93,8434.5,8528.46,0
287,8573.72,8578.22,8478.34,8478.34,0
288,8567.92,8574.11,8518.41,8571.57,0
289,8522.51,8553.87,8515.53,8545.14,0
290,8601.52,8652.47,8573.38,8573.38,0
291,8604.95,8627.83,8574.64,8596.43,0
294,8631.5,8670.32,8603.08,8628.79,0
295,8653.6,8663.12,8618.48,8651.08,0
296,8609.23,8690.39,8591.42,8668.08,0
297,8608.46,8631.17,8594.21,8600.4,0
298,8673.81,8740.08,8662.03,8671.52,0
301,8745.36,8757.14,8706.81,8706.81,0
302,8701.32,8733.53,8662.77,8724,0
303,8665.99,8714.01,8632.38,8679.24,0
304,8571.08,8704.59,8568.13,8682.58,0
305,8554.31,8586.9,8503.69,8578.25,0
308,8614.77,8614.77,8524.01,8571.53,0
309,8713.19,8728.06,8643.21,8643.21,0
310,8857.02,8864.17,8754.18,8759.94,0
311,8850.18,8871.87,8828.04,8858.73,0
312,8693.57,8857.61,8671.89,8857.61,0
315,8642.48,8746.28,8623.7,8702.67,0
316,8536.9,8614.55,8529.54,8614.55,0
317,8415.01,8557.69,8415.01,8543.63,0
318,8428.09,8467.31,8374.07,8426.76,0
319,8329.5,8453.04,8329.5,8402.11,0
322,8295.4,8312.06,8217.34,8278.12,0
323,8419.42,8471.89,8369.14,8369.14,0
324,8340.47,8455.14,8326.72,8432.25,0
325,8477.2,8477.2,8357.2,8382.09,0
326,8465.45,8484.06,8434.33,8472.65,0
329,8485.73,8503.08,8450.01,8480.59,0
330,8400.14,8497.83,8397.44,8472.24,0
331,8386.13,8426.62,8352.17,8407.54,0
332,8484.9,8510.7,8411.16,8411.16,0
333,8398.4,8505.08,8397.49,8493.18,0
336,8320.61,8339.83,8239,8339.83,0
337,8463.3,8463.3,8339.5,8359.27,0
338,8457.4,8497.19,8441.28,8475.96,0
339,8456.06,8484.52,8393.29,8424.54,0
340,8398.6,8423.7,8355.75,8423.7,0
